#K-Path     Band-1    Band-2    Band-3    Band-4      ...     Band-n
  0.0000  -15.6518  -15.4557  -15.4557  -15.2809  -15.2809  -14.9236  -14.9236  -14.9113  -14.7806  -14.7806  -14.3578  -13.7592  -12.8198  -12.0258   -6.6577   -6.1995   -6.1995   -5.9690   -5.7569   -5.7569   -4.2205   -3.2182   -2.5936   -2.5936   -1.9377   -1.9377   -1.6629   -1.6629   -0.7465   -0.1365   -0.1365    0.1144    1.6266    2.5365    3.2269    4.2787    4.2787    4.3634    5.0222    5.0222
  0.0135  -15.6518  -15.4557  -15.4557  -15.2809  -15.2809  -14.9236  -14.9236  -14.9113  -14.7806  -14.7806  -14.3577  -13.7594  -12.8195  -12.0261   -6.6580   -6.1995   -6.1995   -5.9676   -5.7569   -5.7569   -4.2252   -3.2128   -2.5936   -2.5936   -1.9376   -1.9376   -1.6629   -1.6629   -0.7531   -0.1365   -0.1365    0.1205    1.6256    2.5368    3.2257    4.2788    4.2788    4.3638    5.0219    5.0219
  0.0270  -15.6518  -15.4557  -15.4557  -15.2809  -15.2809  -14.9236  -14.9236  -14.9113  -14.7806  -14.7806  -14.3576  -13.7599  -12.8186  -12.0267   -6.6590   -6.1995   -6.1995   -5.9634   -5.7569   -5.7569   -4.2388   -3.1970   -2.5936   -2.5936   -1.9374   -1.9374   -1.6631   -1.6631   -0.7721   -0.1365   -0.1365    0.1383    1.6226    2.5377    3.2221    4.2792    4.2792    4.3649    5.0210    5.0210
  0.0405  -15.6518  -15.4557  -15.4557  -15.2809  -15.2809  -14.9236  -14.9236  -14.9113  -14.7806  -14.7806  -14.3573  -13.7607  -12.8171  -12.0277   -6.6606   -6.1995   -6.1995   -5.9565   -5.7568   -5.7568   -4.2604   -3.1718   -2.5937   -2.5937   -1.9372   -1.9372   -1.6633   -1.6633   -0.8022   -0.1365   -0.1365    0.1662    1.6175    2.5391    3.2162    4.2798    4.2798    4.3668    5.0196    5.0196
  0.0540  -15.6518  -15.4557  -15.4557  -15.2809  -15.2809  -14.9236  -14.9236  -14.9113  -14.7806  -14.7806  -14.3570  -13.7619  -12.8150  -12.0291   -6.6628   -6.1995   -6.1995   -5.9470   -5.7569   -5.7569   -4.2888   -3.1384   -2.5938   -2.5938   -1.9368   -1.9368   -1.6636   -1.6636   -0.8412   -0.1365   -0.1365    0.2023    1.6105    2.5412    3.2082    4.2806    4.2806    4.3694    5.0176    5.0176
  0.0675  -15.6518  -15.4557  -15.4557  -15.2809  -15.2809  -14.9236  -14.9236  -14.9113  -14.7806  -14.7806  -14.3565  -13.7633  -12.8125  -12.0309   -6.6654   -6.1995   -6.1995   -5.9351   -5.7569   -5.7569   -4.3225   -3.0982   -2.5939   -2.5939   -1.9363   -1.9363   -1.6641   -1.6641   -0.8872   -0.1365   -0.1365    0.2444    1.6014    2.5438    3.1980    4.2817    4.2817    4.3725    5.0152    5.0152
  0.0810  -15.6518  -15.4557  -15.4557  -15.2809  -15.2809  -14.9236  -14.9236  -14.9113  -14.7806  -14.7806  -14.3561  -13.7650  -12.8095  -12.0330   -6.6683   -6.1995   -6.1995   -5.9211   -5.7569   -5.7569   -4.3601   -3.0526   -2.5940   -2.5940   -1.9358   -1.9358   -1.6645   -1.6645   -0.9383   -0.1365   -0.1365    0.2910    1.5905    2.5471    3.1861    4.2829    4.2829    4.3763    5.0123    5.0123
  0.0945  -15.6518  -15.4557  -15.4557  -15.2809  -15.2809  -14.9236  -14.9236  -14.9113  -14.7806  -14.7806  -14.3555  -13.7669  -12.8062  -12.0353   -6.6716   -6.1995   -6.1995   -5.9051   -5.7569   -5.7569   -4.4004   -3.0030   -2.5941   -2.5941   -1.9351   -1.9351   -1.6651   -1.6651   -0.9932   -0.1365   -0.1365    0.3403    1.5777    2.5509    3.1725    4.2843    4.2843    4.3804    5.0091    5.0091
  0.1080  -15.6518  -15.4557  -15.4557  -15.2809  -15.2809  -14.9236  -14.9236  -14.9113  -14.7806  -14.7806  -14.3549  -13.7689  -12.8027  -12.0378   -6.6749   -6.1995   -6.1995   -5.8876   -5.7569   -5.7569   -4.4421   -2.9505   -2.5942   -2.5942   -1.9345   -1.9345   -1.6656   -1.6656   -1.0504   -0.1364   -0.1364    0.3913    1.5630    2.5553    3.1577    4.2857    4.2857    4.3850    5.0057    5.0057
  0.1215  -15.6518  -15.4557  -15.4557  -15.2809  -15.2809  -14.9236  -14.9236  -14.9113  -14.7806  -14.7806  -14.3543  -13.7709  -12.7989  -12.0405   -6.6784   -6.1995   -6.1995   -5.8688   -5.7569   -5.7569   -4.4843   -2.8961   -2.5943   -2.5943   -1.9338   -1.9338   -1.6663   -1.6663   -1.1090   -0.1364   -0.1364    0.4428    1.5468    2.5603    3.1420    4.2873    4.2873    4.3897    5.0021    5.0021
  0.1350  -15.6518  -15.4557  -15.4557  -15.2809  -15.2809  -14.9236  -14.9236  -14.9113  -14.7806  -14.7806  -14.3536  -13.7730  -12.7951  -12.0432   -6.6818   -6.1995   -6.1995   -5.8492   -5.7569   -5.7569   -4.5261   -2.8408   -2.5945   -2.5945   -1.9331   -1.9331   -1.6669   -1.6669   -1.1679   -0.1364   -0.1364    0.4940    1.5291    2.5658    3.1256    4.2889    4.2889    4.3946    4.9985    4.9985
  0.1484  -15.6518  -15.4557  -15.4557  -15.2809  -15.2809  -14.9236  -14.9236  -14.9112  -14.7806  -14.7806  -14.3530  -13.7751  -12.7914  -12.0458   -6.6850   -6.1995   -6.1995   -5.8292   -5.7569   -5.7569   -4.5667   -2.7857   -2.5946   -2.5946   -1.9324   -1.9324   -1.6675   -1.6675   -1.2262   -0.1364   -0.1364    0.5440    1.5102    2.5716    3.1090    4.2905    4.2905    4.3994    4.9949    4.9949
  0.1619  -15.6518  -15.4557  -15.4557  -15.2809  -15.2809  -14.9236  -14.9236  -14.9112  -14.7806  -14.7806  -14.3524  -13.7771  -12.7877  -12.0484   -6.6881   -6.1995   -6.1995   -5.8094   -5.7568   -5.7568   -4.6051   -2.7316   -2.5947   -2.5947   -1.9317   -1.9317   -1.6681   -1.6681   -1.2829   -0.1363   -0.1363    0.5921    1.4905    2.5777    3.0927    4.2920    4.2920    4.4041    4.9915    4.9915
  0.1754  -15.6518  -15.4557  -15.4557  -15.2809  -15.2809  -14.9236  -14.9236  -14.9112  -14.7806  -14.7806  -14.3518  -13.7789  -12.7844  -12.0509   -6.6909   -6.1995   -6.1995   -5.7903   -5.7568   -5.7568   -4.6408   -2.6797   -2.5949   -2.5949   -1.9311   -1.9311   -1.6686   -1.6686   -1.3370   -0.1363   -0.1363    0.6373    1.4706    2.5838    3.0771    4.2934    4.2934    4.4084    4.9883    4.9883
  0.1889  -15.6518  -15.4557  -15.4557  -15.2809  -15.2809  -14.9236  -14.9236  -14.9112  -14.7806  -14.7806  -14.3513  -13.7806  -12.7813  -12.0531   -6.6933   -6.1995   -6.1995   -5.7725   -5.7568   -5.7568   -4.6728   -2.6314   -2.5950   -2.5950   -1.9305   -1.9305   -1.6691   -1.6691   -1.3872   -0.1363   -0.1363    0.6787    1.4510    2.5897    3.0627    4.2947    4.2947    4.4124    4.9854    4.9854
  0.2024  -15.6518  -15.4557  -15.4557  -15.2809  -15.2809  -14.9236  -14.9236  -14.9112  -14.7806  -14.7806  -14.3508  -13.7820  -12.7787  -12.0550   -6.6954   -6.1995   -6.1995   -5.7568   -5.7568   -5.7567   -4.7004   -2.5951   -2.5951   -2.5881   -1.9300   -1.9300   -1.6696   -1.6696   -1.4320   -0.1363   -0.1363    0.7151    1.4326    2.5951    3.0500    4.2959    4.2959    4.4158    4.9829    4.9829
  0.2159  -15.6518  -15.4557  -15.4557  -15.2809  -15.2809  -14.9236  -14.9236  -14.9112  -14.7806  -14.7806  -14.3505  -13.7831  -12.7766  -12.0565   -6.6970   -6.1995   -6.1995   -5.7568   -5.7568   -5.7435   -4.7228   -2.5951   -2.5951   -2.5514   -1.9296   -1.9296   -1.6699   -1.6699   -1.4697   -0.1363   -0.1363    0.7455    1.4165    2.5998    3.0394    4.2968    4.2968    4.4185    4.9809    4.9809
  0.2294  -15.6518  -15.4557  -15.4557  -15.2809  -15.2809  -14.9236  -14.9236  -14.9112  -14.7806  -14.7806  -14.3502  -13.7839  -12.7750  -12.0576   -6.6982   -6.1995   -6.1995   -5.7568   -5.7568   -5.7335   -4.7394   -2.5952   -2.5952   -2.5234   -1.9293   -1.9293   -1.6702   -1.6702   -1.4985   -0.1363   -0.1363    0.7686    1.4038    2.6034    3.0315    4.2974    4.2974    4.4206    4.9795    4.9795
  0.2429  -15.6518  -15.4557  -15.4557  -15.2809  -15.2809  -14.9236  -14.9236  -14.9112  -14.7806  -14.7806  -14.3500  -13.7844  -12.7740  -12.0583   -6.6989   -6.1995   -6.1995   -5.7568   -5.7568   -5.7273   -4.7496   -2.5952   -2.5952   -2.5057   -1.9291   -1.9291   -1.6703   -1.6703   -1.5167   -0.1363   -0.1363    0.7830    1.3956    2.6056    3.0266    4.2978    4.2978    4.4218    4.9786    4.9786
  0.2564  -15.6518  -15.4557  -15.4557  -15.2809  -15.2809  -14.9236  -14.9236  -14.9112  -14.7806  -14.7806  -14.3500  -13.7846  -12.7737  -12.0586   -6.6991   -6.1995   -6.1995   -5.7568   -5.7568   -5.7252   -4.7530   -2.5952   -2.5952   -2.4996   -1.9291   -1.9291   -1.6704   -1.6704   -1.5229   -0.1362   -0.1362    0.7879    1.3927    2.6064    3.0250    4.2980    4.2980    4.4222    4.9783    4.9783
  0.2564  -15.6518  -15.4557  -15.4557  -15.2809  -15.2809  -14.9236  -14.9236  -14.9112  -14.7806  -14.7806  -14.3500  -13.7846  -12.7737  -12.0586   -6.6991   -6.1995   -6.1995   -5.7568   -5.7568   -5.7252   -4.7530   -2.5952   -2.5952   -2.4996   -1.9291   -1.9291   -1.6704   -1.6704   -1.5229   -0.1362   -0.1362    0.7879    1.3927    2.6064    3.0250    4.2980    4.2980    4.4222    4.9783    4.9783
  0.3122  -15.6529  -15.4583  -15.4548  -15.2818  -15.2808  -14.9316  -14.9229  -14.9055  -14.7815  -14.7805  -14.3388  -13.7777  -12.7654  -12.0536   -6.6962   -6.1995   -6.1976   -5.7594   -5.7569   -5.7232   -4.7519   -2.6642   -2.6070   -2.4976   -2.0349   -1.9596   -1.6868   -1.6652   -1.4369   -0.1922   -0.1493    0.8160    1.4249    2.6532    3.0724    4.1950    4.3145    4.4770    4.9837    5.0003
  0.3680  -15.6561  -15.4655  -15.4524  -15.2842  -15.2807  -14.9476  -14.9212  -14.8964  -14.7839  -14.7802  -14.3059  -13.7569  -12.7411  -12.0387   -6.6878   -6.1994   -6.1919   -5.7658   -5.7570   -5.7183   -4.7496   -2.8329   -2.6428   -2.5209   -2.2289   -2.0554   -1.7237   -1.6734   -1.2779   -0.3435   -0.1885    0.8890    1.5151    2.7844    3.2005    4.0327    4.3621    4.4914    5.0235    5.0672
  0.4237  -15.6623  -15.4758  -15.4484  -15.2878  -15.2805  -14.9688  -14.9193  -14.8856  -14.7873  -14.7796  -14.2532  -13.7225  -12.7018  -12.0143   -6.6747   -6.1989   -6.1825   -5.7747   -5.7571   -5.7125   -4.7493   -3.0617   -2.7044   -2.6136   -2.4027   -2.2117   -1.7644   -1.6989   -1.1224   -0.5559   -0.2537    0.9864    1.6448    2.9777    3.3679    3.8839    4.4166    4.4482    5.1186    5.1789
  0.4795  -15.6720  -15.4869  -15.4431  -15.2918  -15.2801  -14.9944  -14.9179  -14.8730  -14.7910  -14.7786  -14.1828  -13.6745  -12.6498  -11.9811   -6.6584   -6.1977   -6.1699   -5.7852   -5.7573   -5.7071   -4.7572   -3.3188   -2.8137   -2.7912   -2.5103   -2.4011   -1.8053   -1.7424   -0.9885   -0.7962   -0.3443    1.0920    1.7850    3.2050    3.4820    3.8333    4.3289    4.5336    5.2582    5.3280
  0.5353  -15.6858  -15.4971  -15.4369  -15.2961  -15.2795  -15.0232  -14.9172  -14.8593  -14.7948  -14.7771  -14.0972  -13.6133  -12.5875  -11.9400   -6.6410   -6.1950   -6.1542   -5.7970   -5.7574   -5.7041   -4.7831   -3.5775   -3.0459   -2.9152   -2.6464   -2.5617   -1.8478   -1.8037   -1.0450   -0.8732   -0.4583    1.1953    1.9051    3.3937    3.5088    3.9451    4.2510    4.6387    5.4248    5.5008
  0.5910  -15.7034  -15.5050  -15.4301  -15.3003  -15.2788  -15.0535  -14.9175  -14.8456  -14.7984  -14.7748  -13.9983  -13.5397  -12.5177  -11.8920   -6.6253   -6.1904   -6.1360   -5.8099   -5.7573   -5.7054   -4.8404   -3.8159   -3.2770   -3.0681   -2.8322   -2.6857   -1.8951   -1.8814   -1.2713   -0.7884   -0.5916    1.2890    1.9840    3.3622    3.7203    4.0583    4.2577    4.7459    5.5826    5.6874
  0.6468  -15.7238  -15.5105  -15.4232  -15.3041  -15.2778  -15.0838  -14.9191  -14.8328  -14.8016  -14.7713  -13.8881  -13.4544  -12.4437  -11.8387   -6.6146   -6.1831   -6.1159   -5.8243   -5.7570   -5.7136   -4.9412   -4.0180   -3.4932   -3.2315   -3.0132   -2.8316   -1.9745   -1.9531   -1.4652   -0.7757   -0.6910    1.3689    2.0197    3.3117    3.9458    4.1112    4.3641    4.8432    5.6889    5.8750
  0.7026  -15.7459  -15.5139  -15.4167  -15.3076  -15.2767  -15.1128  -14.9221  -14.8220  -14.8044  -14.7666  -13.7685  -13.3591  -12.3685  -11.7817   -6.6129   -6.1728   -6.0945   -5.8413   -5.7563   -5.7298   -5.0851   -4.1805   -3.6938   -3.3733   -3.1891   -3.0037   -2.0793   -2.0340   -1.6128   -0.9298   -0.6571    1.4338    2.0255    3.2718    4.0999    4.2328    4.4713    4.9218    5.7462    6.0326
  0.7583  -15.7681  -15.5159  -15.4108  -15.3105  -15.2754  -15.1392  -14.9268  -14.8134  -14.8066  -14.7608  -13.6411  -13.2557  -12.2955  -11.7227   -6.6246   -6.1594   -6.0726   -5.8639   -5.7599   -5.7476   -5.2547   -4.3120   -3.8809   -3.4849   -3.3530   -3.1921   -2.1959   -2.1407   -1.7126   -1.1075   -0.6274    1.4868    2.0177    3.2416    4.1942    4.3975    4.5694    4.9853    5.7790    6.1234
  0.8141  -15.7893  -15.5169  -15.4060  -15.3128  -15.2742  -15.1623  -14.9333  -14.8083  -14.8066  -14.7548  -13.5080  -13.1468  -12.2279  -11.6637   -6.6529   -6.1442   -6.0509   -5.8980   -5.7806   -5.7472   -5.4247   -4.4232   -4.0524   -3.6214   -3.4528   -3.3809   -2.3284   -2.2564   -1.7802   -1.2903   -0.6133    1.5338    2.0061    3.2195    4.2925    4.4592    4.7300    5.0470    5.8010    6.2078
  0.8699  -15.8089  -15.5174  -15.4023  -15.3142  -15.2731  -15.1816  -14.9418  -14.8090  -14.8012  -14.7494  -13.3715  -13.0356  -12.1689  -11.6068   -6.6984   -6.1327   -6.0304   -5.9477   -5.7982   -5.7412   -5.5698   -4.5208   -4.2074   -3.8022   -3.5643   -3.4693   -2.4775   -2.3640   -1.8346   -1.4696   -0.6142    1.5815    1.9952    3.2009    4.3960    4.4524    4.9213    5.1221    5.8141    6.2970
  0.9257  -15.8261  -15.5174  -15.3998  -15.3148  -15.2723  -15.1967  -14.9522  -14.8091  -14.7965  -14.7455  -13.2339  -12.9253  -12.1211  -11.5536   -6.7571   -6.1449   -6.0133   -5.9980   -5.8085   -5.7380   -5.6638   -4.6071   -4.3513   -3.9933   -3.7163   -3.4569   -2.6361   -2.4616   -1.8902   -1.6337   -0.6277    1.6347    1.9866    3.1776    4.4355    4.5000    5.0867    5.2326    5.8210    6.3556
  0.9814  -15.8407  -15.5169  -15.3984  -15.3145  -15.2722  -15.2077  -14.9644  -14.8082  -14.7922  -14.7434  -13.0983  -12.8199  -12.0867  -11.5059   -6.8210   -6.2104   -6.0186   -5.9960   -5.8140   -5.7610   -5.6764   -4.6796   -4.4922   -4.1808   -3.8407   -3.4209   -2.7974   -2.5535   -1.9627   -1.7625   -0.6499    1.6947    1.9814    3.1413    4.4341    4.6028    5.1943    5.3923    5.8300    6.3590
  1.0372  -15.8526  -15.5161  -15.3978  -15.3133  -15.2729  -15.2147  -14.9781  -14.8064  -14.7882  -14.7435  -12.9684  -12.7230  -12.0672  -11.4650   -6.8802   -6.3042   -6.0138   -5.9860   -5.8190   -5.7815   -5.6431   -4.7359   -4.6322   -4.3563   -3.9387   -3.3688   -2.9556   -2.6461   -2.0631   -1.8378   -0.6764    1.7601    1.9811    3.0877    4.4575    4.7054    5.2587    5.5639    5.8563    6.3762
  1.0930  -15.8617  -15.5148  -15.3979  -15.3111  -15.2744  -15.2181  -14.9928  -14.8038  -14.7844  -14.7457  -12.8483  -12.6373  -12.0626  -11.4315   -6.9267   -6.3943   -6.0061   -5.9804   -5.8251   -5.7858   -5.5914   -4.7930   -4.7496   -4.5130   -4.0126   -3.3139   -3.0983   -2.7438   -2.1740   -1.8724   -0.7022    1.8259    1.9881    3.0186    4.5018    4.8090    5.2887    5.7126    5.9192    6.4127
  1.1487  -15.8682  -15.5132  -15.3985  -15.3081  -15.2771  -15.2183  -15.0078  -14.8002  -14.7811  -14.7496  -12.7439  -12.5645  -12.0717  -11.4058   -6.9558   -6.4684   -6.0004   -5.9780   -5.8289   -5.7835   -5.5301   -4.9056   -4.7851   -4.6447   -4.0600   -3.3272   -3.1588   -2.8430   -2.2778   -1.8841   -0.7229    1.8841    2.0061    2.9411    4.5539    4.9125    5.2945    5.8102    6.0337    6.4734
  1.2045  -15.8724  -15.5117  -15.3992  -15.3042  -15.2807  -15.2160  -15.0219  -14.7958  -14.7784  -14.7548  -12.6624  -12.5043  -12.0909  -11.3877   -6.9677   -6.5222   -5.9970   -5.9774   -5.8301   -5.7801   -5.4696   -5.0089   -4.8021   -4.7441   -4.0742   -3.4409   -3.1159   -2.9290   -2.3685   -1.8824   -0.7352    1.9244    2.0377    2.8657    4.5983    5.0095    5.2884    5.8698    6.1824    6.5711
  1.2603  -15.8747  -15.5104  -15.3999  -15.2996  -15.2853  -15.2127  -15.0331  -14.7907  -14.7773  -14.7599  -12.6104  -12.4577  -12.1132  -11.3767   -6.9675   -6.5545   -5.9951   -5.9777   -5.8298   -5.7780   -5.4233   -5.0829   -4.8268   -4.7949   -4.0499   -3.5637   -3.0931   -2.9638   -2.4407   -1.8732   -0.7380    1.9418    2.0758    2.8056    4.6247    5.0868    5.2722    5.9292    6.3335    6.6966
  1.3160  -15.8756  -15.5097  -15.4003  -15.2946  -15.2902  -15.2103  -15.0391  -14.7857  -14.7792  -14.7626  -12.5888  -12.4325  -12.1274  -11.3722   -6.9651   -6.5657   -5.9939   -5.9782   -5.8297   -5.7774   -5.4027   -5.1188   -4.8486   -4.8051   -3.9893   -3.6777   -3.1141   -2.9389   -2.4840   -1.8596   -0.7325    1.9327    2.1062    2.7764    4.6318    5.1259    5.2372    6.0014    6.4554    6.8252
  1.3160  -15.8756  -15.5097  -15.4003  -15.2946  -15.2902  -15.2103  -15.0391  -14.7857  -14.7792  -14.7626  -12.5888  -12.4325  -12.1274  -11.3722   -6.9651   -6.5657   -5.9939   -5.9782   -5.8297   -5.7774   -5.4027   -5.1188   -4.8486   -4.8051   -3.9893   -3.6777   -3.1141   -2.9389   -2.4840   -1.8596   -0.7325    1.9327    2.1062    2.7764    4.6318    5.1259    5.2372    6.0014    6.4533    6.8241
  1.3453  -15.8756  -15.5097  -15.4003  -15.2943  -15.2906  -15.2102  -15.0393  -14.7854  -14.7794  -14.7626  -12.5882  -12.4317  -12.1279  -11.3720   -6.9666   -6.5639   -5.9936   -5.9782   -5.8305   -5.7772   -5.4029   -5.1215   -4.8485   -4.8037   -3.9461   -3.7329   -3.1221   -2.9230   -2.4905   -1.8513   -0.7271    1.9148    2.1147    2.7779    4.6293    5.1270    5.2045    6.0349    6.4783    6.8542
  1.3746  -15.8754  -15.5099  -15.4001  -15.2969  -15.2880  -15.2112  -15.0372  -14.7884  -14.7770  -14.7622  -12.5937  -12.4398  -12.1231  -11.3732   -6.9715   -6.5576   -5.9937   -5.9778   -5.8324   -5.7768   -5.4093   -5.1143   -4.8410   -4.7968   -3.8979   -3.7843   -3.1241   -2.9087   -2.4839   -1.8423   -0.7208    1.8867    2.1163    2.7921    4.6235    5.1142    5.1564    6.0512    6.4709    6.8177
  1.4038  -15.8751  -15.5104  -15.3998  -15.2999  -15.2849  -15.2135  -15.0325  -14.7925  -14.7738  -14.7614  -12.6046  -12.4556  -12.1140  -11.3757   -6.9803   -6.5481   -5.9942   -5.9771   -5.8356   -5.7758   -5.4200   -5.1000   -4.8273   -4.7819   -3.8544   -3.8242   -3.1220   -2.8926   -2.4639   -1.8326   -0.7139    1.8484    2.1093    2.8184    4.6150    5.0678    5.1103    6.0353    6.4335    6.7554
  1.4331  -15.8748  -15.5112  -15.3993  -15.3030  -15.2817  -15.2169  -15.0255  -14.7970  -14.7703  -14.7605  -12.6201  -12.4770  -12.1023  -11.3791   -6.9929   -6.5367   -5.9953   -5.9762   -5.8401   -5.7741   -5.4332   -5.0828   -4.8075   -4.7563   -3.8824   -3.7878   -3.1203   -2.8688   -2.4312   -1.8224   -0.7070    1.8002    2.0925    2.8547    4.6038    4.9718    5.0842    5.9770    6.3792    6.7020
  1.4623  -15.8744  -15.5123  -15.3986  -15.3061  -15.2786  -15.2212  -15.0164  -14.8017  -14.7668  -14.7595  -12.6396  -12.5021  -12.0893  -11.3835   -7.0089   -6.5248   -5.9969   -5.9754   -5.8455   -5.7716   -5.4476   -5.0676   -4.7799   -4.7184   -3.9220   -3.7365   -3.1232   -2.8316   -2.3869   -1.8116   -0.7006    1.7431    2.0649    2.8978    4.5892    4.8512    5.0605    5.8783    6.3070    6.6537
  1.4916  -15.8740  -15.5136  -15.3977  -15.3092  -15.2754  -15.2262  -15.0055  -14.8064  -14.7632  -14.7586  -12.6623  -12.5291  -12.0763  -11.3885   -7.0276   -6.5135   -5.9989   -5.9747   -5.8516   -5.7684   -5.4623   -5.0585   -4.7436   -4.6671   -3.9571   -3.6875   -3.1322   -2.7792   -2.3320   -1.8002   -0.6950    1.6779    2.0260    2.9432    4.5688    4.7188    5.0398    5.7481    6.2148    6.6118
  1.5208  -15.8737  -15.5151  -15.3966  -15.3122  -15.2723  -15.2317  -14.9933  -14.8109  -14.7598  -14.7575  -12.6877  -12.5566  -12.0638  -11.3941   -7.0482   -6.5036   -6.0014   -5.9746   -5.8580   -5.7648   -5.4767   -5.0571   -4.7003   -4.6019   -3.9858   -3.6430   -3.1462   -2.7129   -2.2677   -1.7880   -0.6906    1.6057    1.9758    2.9850    4.5272    4.6009    5.0238    5.5966    6.1068    6.5702
  1.5501  -15.8735  -15.5168  -15.3953  -15.3151  -15.2692  -15.2372  -14.9801  -14.8154  -14.7573  -14.7556  -12.7150  -12.5838  -12.0524  -11.4000   -7.0698   -6.4957   -6.0043   -5.9749   -5.8643   -5.7609   -5.4903   -5.0623   -4.6541   -4.5235   -4.0062   -3.6045   -3.1631   -2.6357   -2.1960   -1.7741   -0.6876    1.5271    1.9151    3.0158    4.4240    4.5500    5.0117    5.4351    5.9896    6.5296
  1.5793  -15.8734  -15.5186  -15.3939  -15.3180  -15.2663  -15.2427  -14.9664  -14.8196  -14.7563  -14.7523  -12.7435  -12.6100  -12.0421  -11.4061   -7.0917   -6.4897   -6.0076   -5.9757   -5.8704   -5.7569   -5.5030   -5.0723   -4.6091   -4.4342   -4.0162   -3.5724   -3.1810   -2.5510   -2.1197   -1.7572   -0.6861    1.4431    1.8453    3.0276    4.3118    4.5265    4.9931    5.2813    5.8696    6.4899
  1.6086  -15.8735  -15.5205  -15.3924  -15.3208  -15.2636  -15.2478  -14.9525  -14.8236  -14.7556  -14.7490  -12.7722  -12.6346  -12.0332  -11.4121   -7.1133   -6.4858   -6.0113   -5.9768   -5.8761   -5.7528   -5.5144   -5.0853   -4.5694   -4.3371   -4.0137   -3.5469   -3.1988   -2.4620   -2.0432   -1.7348   -0.6864    1.3548    1.7686    3.0139    4.2168    4.5155    4.9327    5.1756    5.7529    6.4531
  1.6378  -15.8736  -15.5224  -15.3909  -15.3234  -15.2610  -15.2526  -14.9389  -14.8273  -14.7549  -14.7457  -12.8005  -12.6573  -12.0255  -11.4180   -7.1340   -6.4836   -6.0152   -5.9780   -5.8815   -5.7487   -5.5246   -5.0997   -4.5381   -4.2358   -3.9972   -3.5276   -3.2154   -2.3720   -1.9731   -1.7024   -0.6885    1.2639    1.6876    2.9731    4.1402    4.5204    4.8084    5.1439    5.6450    6.4225
  1.6671  -15.8737  -15.5243  -15.3893  -15.3259  -15.2592  -15.2563  -14.9259  -14.8306  -14.7543  -14.7426  -12.8274  -12.6780  -12.0190  -11.4236   -7.1533   -6.4827   -6.0192   -5.9792   -5.8865   -5.7448   -5.5336   -5.1144   -4.5166   -4.1338   -3.9675   -3.5136   -3.2303   -2.2846   -1.9158   -1.6557   -0.6922    1.1723    1.6053    2.9100    4.0769    4.5325    4.6751    5.1442    5.5509    6.3905
  1.6964  -15.8740  -15.5260  -15.3878  -15.3281  -15.2612  -15.2560  -14.9139  -14.8336  -14.7538  -14.7397  -12.8524  -12.6963  -12.0136  -11.4287   -7.1707   -6.4829   -6.0231   -5.9803   -5.8911   -5.7410   -5.5413   -5.1285   -4.5041   -4.0353   -3.9271   -3.5042   -3.2432   -2.2038   -1.8730   -1.5949   -0.6976    1.0826    1.5249    2.8336    4.0216    4.4634    4.6484    5.1473    5.4750    6.3662
  1.7256  -15.8742  -15.5277  -15.3864  -15.3301  -15.2643  -15.2543  -14.9031  -14.8363  -14.7534  -14.7370  -12.8746  -12.7122  -12.0093  -11.4332   -7.1860   -6.4837   -6.0268   -5.9811   -5.8952   -5.7376   -5.5477   -5.1414   -4.4983   -3.9456   -3.8790   -3.4986   -3.2538   -2.1338   -1.8403   -1.5266   -0.7043    0.9980    1.4496    2.7536    3.9719    4.3358    4.7114    5.1414    5.4193    6.3445
  1.7549  -15.8745  -15.5291  -15.3852  -15.3318  -15.2669  -15.2528  -14.8939  -14.8385  -14.7531  -14.7347  -12.8936  -12.7254  -12.0059  -11.4371   -7.1988   -6.4849   -6.0300   -5.9817   -5.8988   -5.7346   -5.5530   -5.1526   -4.4968   -3.8735   -3.8231   -3.4959   -3.2622   -2.0785   -1.8117   -1.4590   -0.7117    0.9219    1.3827    2.6781    3.9282    4.2173    4.7956    5.1249    5.3798    6.3289
  1.7841  -15.8747  -15.5302  -15.3841  -15.3332  -15.2689  -15.2516  -14.8864  -14.8403  -14.7528  -14.7328  -12.9089  -12.7358  -12.0033  -11.4402   -7.2090   -6.4861   -6.0327   -5.9821   -5.9018   -5.7321   -5.5571   -5.1616   -4.4975   -3.8237   -3.7627   -3.4955   -3.2685   -2.0394   -1.7845   -1.3992   -0.7193    0.8580    1.3270    2.6134    3.8919    4.1193    4.8862    5.1039    5.3462    6.3178
  1.8134  -15.8749  -15.5311  -15.3834  -15.3342  -15.2704  -15.2507  -14.8809  -14.8416  -14.7526  -14.7314  -12.9202  -12.7434  -12.0016  -11.4424   -7.2164   -6.4871   -6.0347   -5.9824   -5.9040   -5.7303   -5.5600   -5.1682   -4.4990   -3.7901   -3.7109   -3.4968   -3.2727   -2.0152   -1.7606   -1.3525   -0.7259    0.8095    1.2852    2.5641    3.8644    4.0466    4.9719    5.0885    5.3091    6.3126
  1.8426  -15.8751  -15.5316  -15.3829  -15.3348  -15.2712  -15.2502  -14.8775  -14.8425  -14.7525  -14.7305  -12.9270  -12.7479  -12.0005  -11.4438   -7.2209   -6.4878   -6.0359   -5.9825   -5.9054   -5.7291   -5.5617   -5.1723   -4.5002   -3.7700   -3.6765   -3.4987   -3.2751   -2.0026   -1.7439   -1.3227   -0.7305    0.7792    1.2592    2.5332    3.8472    4.0020    5.0280    5.0978    5.2663    6.3111
  1.8719  -15.8751  -15.5318  -15.3828  -15.3350  -15.2715  -15.2500  -14.8764  -14.8427  -14.7525  -14.7302  -12.9293  -12.7494  -12.0002  -11.4443   -7.2224   -6.4880   -6.0363   -5.9826   -5.9059   -5.7287   -5.5623   -5.1736   -4.5007   -3.7632   -3.6645   -3.4997   -3.2758   -1.9987   -1.7379   -1.3125   -0.7322    0.7689    1.2504    2.5227    3.8414    3.9869    5.0380    5.1230    5.2392    6.3070
  1.8719  -15.8751  -15.5318  -15.3828  -15.3350  -15.2715  -15.2500  -14.8764  -14.8427  -14.7525  -14.7302  -12.9293  -12.7494  -12.0002  -11.4443   -7.2224   -6.4880   -6.0363   -5.9826   -5.9059   -5.7287   -5.5623   -5.1736   -4.5007   -3.7632   -3.6645   -3.4997   -3.2758   -1.9987   -1.7379   -1.3125   -0.7322    0.7689    1.2504    2.5227    3.8414    3.9869    5.0380    5.1230    5.2392    6.3069
  1.9212  -15.8736  -15.5313  -15.3830  -15.3346  -15.2703  -15.2504  -14.8764  -14.8425  -14.7531  -14.7308  -12.9453  -12.7561  -12.0038  -11.4485   -7.2065   -6.4735   -6.0369   -5.9839   -5.9040   -5.7294   -5.5794   -5.1534   -4.4782   -3.7937   -3.6583   -3.4637   -3.2693   -2.0002   -1.7350   -1.3064   -0.7344    0.7787    1.2595    2.5277    3.8465    3.9936    5.0412    5.1235    5.2533    6.3111
  1.9705  -15.8691  -15.5301  -15.3839  -15.3334  -15.2667  -15.2517  -14.8767  -14.8418  -14.7551  -14.7326  -12.9907  -12.7773  -12.0150  -11.4609   -7.1601   -6.4312   -6.0387   -5.9878   -5.8982   -5.7312   -5.6196   -5.1030   -4.4127   -3.8533   -3.6401   -3.3859   -3.2499   -2.0048   -1.7265   -1.2883   -0.7404    0.8081    1.2856    2.5425    3.8611    4.0137    5.0514    5.1246    5.2940    6.3207
  2.0198  -15.8617  -15.5282  -15.3854  -15.3316  -15.2603  -15.2538  -14.8771  -14.8406  -14.7582  -14.7355  -13.0596  -12.8145  -12.0346  -11.4811   -7.0872   -6.3645   -6.0417   -5.9942   -5.8882   -5.7340   -5.6638   -5.0381   -4.3106   -3.9064   -3.6099   -3.2965   -3.2178   -2.0122   -1.7132   -1.2580   -0.7479    0.8570    1.3257    2.5671    3.8835    4.0475    5.0692    5.1254    5.3570    6.3326
  2.0691  -15.8515  -15.5259  -15.3875  -15.3293  -15.2565  -15.2509  -14.8778  -14.8390  -14.7626  -14.7394  -13.1458  -12.8674  -12.0635  -11.5083   -6.9947   -6.2806   -6.0452   -6.0032   -5.8741   -5.7375   -5.6971   -4.9673   -4.1865   -3.9292   -3.5685   -3.2064   -3.1735   -2.0221   -1.6960   -1.2155   -0.7538    0.9245    1.3753    2.6018    3.9105    4.0948    5.0941    5.1243    5.4364    6.3583
  2.1184  -15.8386  -15.5235  -15.3903  -15.3266  -15.2596  -15.2382  -14.8789  -14.8371  -14.7681  -14.7439  -13.2442  -12.9338  -12.1021  -11.5417   -6.8917   -6.1954   -6.0446   -6.0147   -5.8579   -5.7412   -5.7038   -4.8925   -4.0780   -3.8824   -3.5163   -3.1188   -3.1176   -2.0331   -1.6764   -1.1610   -0.7553    1.0093    1.4288    2.6466    3.9378    4.1545    5.1191    5.1228    5.5249    6.3277
  2.1677  -15.8234  -15.5213  -15.3939  -15.3236  -15.2629  -15.2220  -14.8803  -14.8351  -14.7744  -14.7489  -13.3506  -13.0104  -12.1499  -11.5802   -6.7895   -6.1405   -6.0284   -6.0248   -5.8463   -5.7448   -5.6620   -4.8106   -4.0128   -3.7414   -3.4545   -3.0509   -3.0343   -2.0421   -1.6554   -1.0951   -0.7504    1.1082    1.4809    2.7021    3.9600    4.2233    5.1069    5.1478    5.6142    6.3035
  2.2169  -15.8060  -15.5193  -15.3983  -15.3204  -15.2662  -15.2024  -14.8824  -14.8333  -14.7814  -14.7541  -13.4613  -13.0937  -12.2060  -11.6230   -6.6994   -6.1313   -6.0441   -5.9846   -5.8401   -5.7481   -5.5610   -4.7142   -3.9484   -3.5573   -3.3840   -2.9743   -2.9520   -2.0429   -1.6341   -1.0189   -0.7386    1.2145    1.5281    2.7687    3.9711    4.2942    5.0846    5.1562    5.6952    6.2273
  2.2662  -15.7871  -15.5174  -15.4034  -15.3170  -15.2693  -15.1795  -14.8850  -14.8321  -14.7884  -14.7591  -13.5734  -13.1802  -12.2688  -11.6688   -6.6301   -6.1406   -6.0612   -5.9517   -5.8332   -5.7509   -5.4130   -4.5944   -3.8652   -3.3636   -3.3063   -2.8890   -2.8711   -2.0247   -1.6138   -0.9338   -0.7210    1.3119    1.5756    2.8462    3.9645    4.3554    5.0492    5.1316    5.7536    6.1319
  2.3155  -15.7669  -15.5156  -15.4091  -15.3134  -15.2720  -15.1537  -14.8883  -14.8325  -14.7945  -14.7638  -13.6845  -13.2670  -12.3362  -11.7163   -6.5848   -6.1539   -6.0793   -5.9333   -5.8234   -5.7531   -5.2366   -4.4460   -3.7629   -3.2231   -3.1785   -2.7963   -2.7902   -1.9730   -1.5954   -0.8418   -0.6998    1.3659    1.6458    2.9327    3.9346    4.3892    4.9984    5.0635    5.7390    6.0687
  2.3648  -15.7464  -15.5134  -15.4153  -15.3096  -15.2743  -15.1258  -14.8922  -14.8356  -14.7983  -14.7680  -13.7925  -13.3514  -12.4061  -11.7643   -6.5618   -6.1668   -6.0977   -5.9264   -5.8122   -5.7548   -5.0477   -4.2700   -3.6443   -3.1361   -3.0223   -2.7005   -2.6977   -1.8739   -1.5799   -0.7450   -0.6778    1.3530    1.7495    3.0228    3.8801    4.3755    4.9313    4.9546    5.6236    6.0771
  2.4141  -15.7262  -15.5103  -15.4219  -15.3058  -15.2762  -15.0963  -14.8966  -14.8419  -14.7993  -14.7715  -13.8955  -13.4311  -12.4765  -11.8114   -6.5565   -6.1776   -6.1159   -5.9271   -5.8014   -5.7559   -4.8607   -4.0727   -3.5118   -3.0476   -2.9149   -2.5950   -2.5833   -1.7227   -1.5683   -0.6578   -0.6462    1.2843    1.8614    3.1061    3.8079    4.3014    4.8217    4.8493    5.4775    5.8958
  2.4634  -15.7073  -15.5058  -15.4284  -15.3018  -15.2777  -15.0663  -14.9014  -14.8507  -14.7981  -14.7743  -13.9920  -13.5045  -12.5451  -11.8564   -6.5636   -6.1859   -6.1334   -5.9322   -5.7918   -5.7566   -4.6892   -3.8624   -3.3714   -2.9599   -2.8457   -2.4898   -2.4351   -1.5618   -1.5274   -0.6425   -0.5480    1.1731    1.9513    3.1676    3.7307    4.1770    4.6915    4.7559    5.3287    5.7320
  2.5127  -15.6907  -15.4995  -15.4347  -15.2978  -15.2788  -15.0368  -14.9062  -14.8606  -14.7956  -14.7764  -14.0805  -13.5701  -12.6100  -11.8979   -6.5784   -6.1917   -6.1496   -5.9394   -5.7832   -5.7570   -4.5439   -3.6483   -3.2406   -2.8757   -2.7704   -2.3845   -2.2724   -1.5613   -1.3031   -0.6339   -0.4536    1.0290    1.9934    3.1882    3.6560    4.0425    4.5862    4.6566    5.1888    5.5688
  2.5620  -15.6771  -15.4912  -15.4406  -15.2938  -15.2796  -15.0087  -14.9109  -14.8709  -14.7925  -14.7780  -14.1594  -13.6268  -12.6691  -11.9350   -6.5969   -6.1955   -6.1640   -5.9471   -5.7757   -5.7571   -4.4297   -3.4468   -3.1377   -2.7978   -2.6479   -2.2812   -2.1097   -1.5677   -1.0663   -0.6326   -0.3661    0.8611    1.9742    3.1373    3.5996    3.9358    4.5246    4.5578    5.0753    5.4170
  2.6113  -15.6668  -15.4817  -15.4457  -15.2899  -15.2802  -14.9832  -14.9151  -14.8810  -14.7892  -14.7791  -14.2274  -13.6740  -12.7206  -11.9667   -6.6158   -6.1977   -6.1764   -5.9544   -5.7692   -5.7571   -4.3455   -3.2982   -3.0338   -2.7289   -2.4768   -2.1828   -1.9581   -1.5815   -0.8391   -0.6315   -0.2887    0.6801    1.9035    3.0019    3.5569    3.8884    4.4664    4.5101    5.0007    5.2830
  2.6606  -15.6596  -15.4719  -15.4500  -15.2864  -15.2805  -14.9612  -14.9186  -14.8904  -14.7860  -14.7798  -14.2827  -13.7111  -12.7627  -11.9921   -6.6329   -6.1988   -6.1863   -5.9606   -5.7639   -5.7571   -4.2868   -3.2360   -2.8872   -2.6718   -2.2880   -2.0925   -1.8287   -1.6023   -0.7136   -0.5509   -0.2246    0.4981    1.8077    2.8319    3.4631    3.9453    4.3883    4.5094    4.9718    5.1725
  2.7099  -15.6550  -15.4634  -15.4531  -15.2835  -15.2807  -14.9434  -14.9213  -14.8990  -14.7832  -14.7803  -14.3238  -13.7377  -12.7940  -12.0107   -6.6463   -6.1993   -6.1936   -5.9652   -5.7601   -5.7570   -4.2487   -3.2203   -2.7383   -2.6291   -2.1141   -2.0153   -1.7331   -1.6279   -0.7190   -0.3705   -0.1765    0.3284    1.7155    2.6786    3.3467    4.0642    4.3287    4.4840    4.9835    5.0901
  2.7592  -15.6526  -15.4577  -15.4550  -15.2816  -15.2809  -14.9301  -14.9230  -14.9067  -14.7813  -14.7805  -14.3492  -13.7538  -12.8133  -12.0220   -6.6548   -6.1994   -6.1980   -5.9681   -5.7577   -5.7569   -4.2274   -3.2181   -2.6321   -2.6026   -1.9864   -1.9592   -1.6788   -1.6521   -0.7381   -0.2135   -0.1467    0.1861    1.6502    2.5738    3.2590    4.1930    4.2914    4.4245    5.0098    5.0394
  2.8085  -15.6518  -15.4557  -15.4557  -15.2809  -15.2809  -14.9236  -14.9236  -14.9113  -14.7806  -14.7806  -14.3578  -13.7592  -12.8198  -12.0258   -6.6577   -6.1995   -6.1995   -5.9690   -5.7569   -5.7569   -4.2205   -3.2182   -2.5936   -2.5936   -1.9377   -1.9377   -1.6629   -1.6629   -0.7465   -0.1365   -0.1365    0.1144    1.6266    2.5365    3.2269    4.2787    4.2787    4.3634    5.0222    5.0222
  2.8085  -15.6518  -15.4557  -15.4557  -15.2809  -15.2809  -14.9236  -14.9236  -14.9113  -14.7806  -14.7806  -14.3578  -13.7592  -12.8198  -12.0258   -6.6577   -6.1995   -6.1995   -5.9690   -5.7569   -5.7569   -4.2205   -3.2182   -2.5936   -2.5936   -1.9377   -1.9377   -1.6629   -1.6629   -0.7465   -0.1365   -0.1365    0.1144    1.6266    2.5365    3.2269    4.2787    4.2787    4.3634    5.0222    5.0222
  2.8656  -15.6528  -15.4584  -15.4548  -15.2818  -15.2808  -14.9320  -14.9228  -14.9055  -14.7815  -14.7805  -14.3462  -13.7519  -12.8111  -12.0206   -6.6537   -6.1994   -6.1975   -5.9679   -5.7579   -5.7569   -4.2292   -3.2188   -2.6452   -2.6059   -2.0010   -1.9688   -1.6815   -1.6516   -0.7343   -0.2359   -0.1503    0.2058    1.6585    2.5867    3.2702    4.1730    4.2955    4.4361    5.0059    5.0454
  2.9228  -15.6563  -15.4660  -15.4522  -15.2844  -15.2807  -14.9485  -14.9211  -14.8960  -14.7840  -14.7802  -14.3120  -13.7300  -12.7852  -12.0052   -6.6422   -6.1992   -6.1915   -5.9647   -5.7612   -5.7570   -4.2570   -3.2249   -2.7826   -2.6433   -2.1538   -2.0655   -1.7244   -1.6436   -0.7091   -0.4286   -0.1918    0.3791    1.7446    2.7253    3.3836    4.0252    4.3395    4.4989    4.9772    5.1136
  2.9799  -15.6628  -15.4766  -15.4480  -15.2880  -15.2804  -14.9705  -14.9192  -14.8848  -14.7875  -14.7795  -14.2572  -13.6938  -12.7437  -11.9801   -6.6244   -6.1984   -6.1817   -5.9595   -5.7663   -5.7572   -4.3090   -3.2573   -2.9571   -2.7076   -2.3489   -2.2216   -1.7750   -1.6591   -0.7432   -0.6035   -0.2609    0.5824    1.8599    2.9231    3.5124    3.9149    4.3838    4.5325    4.9867    5.2224
  3.0370  -15.6731  -15.4881  -15.4426  -15.2923  -15.2800  -14.9971  -14.9178  -14.8717  -14.7914  -14.7785  -14.1841  -13.6434  -12.6887  -11.9460   -6.6024   -6.1965   -6.1684   -5.9527   -5.7732   -5.7573   -4.3927   -3.3765   -3.0857   -2.8026   -2.5513   -2.4109   -1.8320   -1.7005   -0.9706   -0.6139   -0.3557    0.7965    1.9704    3.1378    3.5655    3.9286    4.3840    4.5900    5.0732    5.3632
  3.0942  -15.6877  -15.4982  -15.4361  -15.2966  -15.2794  -15.0268  -14.9172  -14.8576  -14.7952  -14.7769  -14.0952  -13.5794  -12.6227  -11.9041   -6.5794   -6.1927   -6.1520   -5.9448   -5.7815   -5.7574   -4.5147   -3.5838   -3.1677   -2.9289   -2.7278   -2.6012   -1.8997   -1.7683   -1.2264   -0.6101   -0.4687    1.0059    2.0433    3.2901    3.6132    4.0246    4.3595    4.7038    5.2259    5.5217
  3.1513  -15.7062  -15.5060  -15.4291  -15.3008  -15.2787  -15.0579  -14.9177  -14.8436  -14.7989  -14.7743  -13.9925  -13.5025  -12.5487  -11.8557   -6.5597   -6.1861   -6.1331   -5.9369   -5.7911   -5.7573   -4.6758   -3.8088   -3.3003   -3.0635   -2.8734   -2.7528   -1.9832   -1.8641   -1.4548   -0.6686   -0.5499    1.1986    2.0632    3.3195    3.7746    4.1207    4.3475    4.8683    5.3922    5.6824
  3.2085  -15.7275  -15.5112  -15.4221  -15.3048  -15.2777  -15.0889  -14.9195  -14.8308  -14.8021  -14.7706  -13.8782  -13.4139  -12.4700  -11.8025   -6.5486   -6.1760   -6.1122   -5.9307   -5.8018   -5.7567   -4.8677   -4.0204   -3.4964   -3.2010   -3.0297   -2.8309   -2.0908   -1.9801   -1.6306   -0.8189   -0.5677    1.3652    2.0402    3.3034    3.9586    4.2310    4.3645    5.0478    5.4986    5.8385
  3.2656  -15.7502  -15.5144  -15.4154  -15.3082  -15.2765  -15.1182  -14.9229  -14.8201  -14.8049  -14.7655  -13.7540  -13.3154  -12.3900  -11.7464   -6.5516   -6.1618   -6.0901   -5.9287   -5.8134   -5.7554   -5.0745   -4.2058   -3.7109   -3.3571   -3.1980   -2.8759   -2.2252   -2.0883   -1.7544   -0.9993   -0.5784    1.4985    1.9988    3.2779    4.1016    4.3281    4.4736    5.1748    5.5502    5.9429
  3.3227  -15.7729  -15.5161  -15.4096  -15.3111  -15.2751  -15.1447  -14.9280  -14.8118  -14.8070  -14.7594  -13.6219  -13.2093  -12.3121  -11.6894   -6.5739   -6.1439   -6.0679   -5.9347   -5.8249   -5.7529   -5.2783   -4.3578   -3.9169   -3.5327   -3.3701   -2.9312   -2.3655   -2.1743   -1.8418   -1.1935   -0.5916    1.5924    1.9623    3.2510    4.1959    4.4150    4.6674    5.1848    5.6305    5.9863
  3.3799  -15.7943  -15.5170  -15.4050  -15.3132  -15.2739  -15.1675  -14.9352  -14.8085  -14.8052  -14.7533  -13.4842  -13.0985  -12.2400  -11.6333   -6.6179   -6.1241   -6.0475   -5.9535   -5.8344   -5.7483   -5.4612   -4.4741   -4.1020   -3.7221   -3.5420   -3.0112   -2.5021   -2.2368   -1.9011   -1.3938   -0.6074    1.6452    1.9452    3.2245    4.2695    4.5175    4.8665    5.1338    5.7133    6.0274
  3.4370  -15.8138  -15.5174  -15.4015  -15.3145  -15.2728  -15.1861  -14.9444  -14.8091  -14.7999  -14.7482  -13.3431  -12.9863  -12.1770  -11.5800   -6.6814   -6.1096   -6.0351   -5.9840   -5.8403   -5.7420   -5.6027   -4.5604   -4.2619   -3.9167   -3.7032   -3.1106   -2.6397   -2.2861   -1.9335   -1.5924   -0.6245    1.6664    1.9483    3.1970    4.3486    4.6106    4.9618    5.1771    5.7671    6.0624
  3.4942  -15.8307  -15.5172  -15.3993  -15.3148  -15.2722  -15.2004  -14.9556  -14.8089  -14.7952  -14.7447  -13.2017  -12.8768  -12.1264  -11.5310   -6.7566   -6.1347   -6.0393   -5.9933   -5.8425   -5.7439   -5.6756   -4.6269   -4.4025   -4.1075   -3.8357   -3.2188   -2.7776   -2.3416   -1.9430   -1.7786   -0.6415    1.6745    1.9622    3.1650    4.4311    4.6776    4.9432    5.3521    5.8145    6.0791
  3.5513  -15.8448  -15.5167  -15.3981  -15.3142  -15.2723  -15.2104  -14.9686  -14.8077  -14.7909  -14.7432  -13.0633  -12.7737  -12.0908  -11.4875   -6.8325   -6.2193   -6.0293   -5.9861   -5.8428   -5.7666   -5.6685   -4.6813   -4.5391   -4.2862   -3.9215   -3.3283   -2.9080   -2.4175   -1.9839   -1.8966   -0.6572    1.6842    1.9804    3.1247    4.4910    4.7335    4.9438    5.5379    5.8619    6.1400
  3.6084  -15.8560  -15.5156  -15.3978  -15.3127  -15.2733  -15.2163  -14.9831  -14.8056  -14.7869  -14.7440  -12.9318  -12.6807  -12.0717  -11.4504   -6.8981   -6.3169   -6.0149   -5.9808   -5.8425   -5.7795   -5.6280   -4.7247   -4.6811   -4.4472   -3.9578   -3.4363   -3.0180   -2.5174   -2.1171   -1.8888   -0.6713    1.7031    2.0027    3.0722    4.5130    4.8102    4.9694    5.7222    5.9107    6.2651
  3.6656  -15.8644  -15.5142  -15.3981  -15.3101  -15.2753  -15.2186  -14.9984  -14.8026  -14.7832  -14.7469  -12.8126  -12.6006  -12.0691  -11.4203   -6.9455   -6.4044   -6.0037   -5.9785   -5.8418   -5.7819   -5.5716   -4.8246   -4.7539   -4.5863   -3.9571   -3.5455   -3.0927   -2.6338   -2.2380   -1.8679   -0.6842    1.7339    2.0305    3.0059    4.5231    4.8985    5.0105    5.9034    5.9764    6.4241
  3.7227  -15.8701  -15.5126  -15.3988  -15.3066  -15.2784  -15.2177  -15.0135  -14.7986  -14.7799  -14.7515  -12.7120  -12.5340  -12.0807  -11.3976   -6.9713   -6.4743   -5.9971   -5.9779   -5.8400   -5.7801   -5.5087   -4.9511   -4.7780   -4.6977   -3.9309   -3.6584   -3.1249   -2.7508   -2.3386   -1.8515   -0.6964    1.7764    2.0639    2.9294    4.5430    4.9828    5.0618    6.0069    6.1260    6.5860
  3.7799  -15.8736  -15.5111  -15.3995  -15.3023  -15.2825  -15.2147  -15.0270  -14.7937  -14.7776  -14.7570  -12.6385  -12.4803  -12.1014  -11.3823   -6.9773   -6.5243   -5.9942   -5.9777   -5.8367   -5.7779   -5.4512   -5.0495   -4.8074   -4.7675   -3.8822   -3.7702   -3.1245   -2.8504   -2.4188   -1.8438   -0.7083    1.8278    2.0975    2.8529    4.5754    5.0648    5.1095    6.0518    6.3109    6.7236
  3.8370  -15.8753  -15.5100  -15.4001  -15.2974  -15.2875  -15.2113  -15.0366  -14.7884  -14.7778  -14.7615  -12.5976  -12.4426  -12.1214  -11.3740   -6.9712   -6.5546   -5.9936   -5.9779   -5.8327   -5.7771   -5.4130   -5.1082   -4.8409   -4.7943   -3.8877   -3.7943   -3.1149   -2.9151   -2.4722   -1.8459   -0.7200    1.8821    2.1183    2.7945    4.6109    5.1322    5.1525    6.0567    6.4515    6.8181
  3.8941  -15.8756  -15.5097  -15.4003  -15.2941  -15.2908  -15.2101  -15.0394  -14.7852  -14.7796  -14.7627  -12.5879  -12.4313  -12.1282  -11.3720   -6.9652   -6.5657   -5.9938   -5.9782   -5.8298   -5.7773   -5.4020   -5.1207   -4.8483   -4.8066   -3.9764   -3.6951   -3.1186   -2.9316   -2.4879   -1.8572   -0.7311    1.9284    2.1093    2.7757    4.6322    5.1209    5.2353    6.0075    6.4635    6.8615
  3.8941  -15.8756  -15.5097  -15.4003  -15.2941  -15.2908  -15.2101  -15.0394  -14.7852  -14.7796  -14.7627  -12.5879  -12.4313  -12.1282  -11.3720   -6.9652   -6.5657   -5.9938   -5.9782   -5.8298   -5.7773   -5.4020   -5.1207   -4.8483   -4.8066   -3.9764   -3.6951   -3.1186   -2.9316   -2.4879   -1.8572   -0.7311    1.9284    2.1093    2.7757    4.6322    5.1209    5.2353    6.0075    6.4641    6.8548
  3.9220  -15.8755  -15.5098  -15.4002  -15.2965  -15.2884  -15.2110  -15.0377  -14.7878  -14.7775  -14.7623  -12.5926  -12.4377  -12.1243  -11.3730   -6.9661   -6.5646   -5.9941   -5.9781   -5.8299   -5.7772   -5.4053   -5.1110   -4.8425   -4.8080   -4.0134   -3.6385   -3.1268   -2.9222   -2.4791   -1.8656   -0.7361    1.9414    2.0930    2.7845    4.6301    5.0989    5.2692    5.9670    6.4142    6.8399
  3.9499  -15.8752  -15.5103  -15.3999  -15.2993  -15.2855  -15.2129  -15.0337  -14.7917  -14.7744  -14.7616  -12.6025  -12.4510  -12.1166  -11.3751   -6.9708   -6.5600   -5.9947   -5.9777   -5.8312   -5.7763   -5.4124   -5.0936   -4.8320   -4.8048   -4.0444   -3.5792   -3.1373   -2.9030   -2.4588   -1.8755   -0.7410    1.9411    2.0738    2.8039    4.6150    5.0661    5.2924    5.9258    6.3352    6.7828
  3.9778  -15.8749  -15.5110  -15.3995  -15.3022  -15.2825  -15.2159  -15.0275  -14.7959  -14.7712  -14.7607  -12.6168  -12.4696  -12.1061  -11.3782   -6.9796   -6.5528   -5.9955   -5.9768   -5.8342   -5.7747   -5.4221   -5.0723   -4.8178   -4.7943   -4.0684   -3.5197   -3.1476   -2.8753   -2.4269   -1.8865   -0.7457    1.9214    2.0577    2.8315    4.5837    5.0221    5.3008    5.8953    6.2280    6.7118
  4.0057  -15.8745  -15.5119  -15.3988  -15.3052  -15.2795  -15.2199  -15.0193  -14.8003  -14.7678  -14.7598  -12.6350  -12.4918  -12.0943  -11.3821   -6.9922   -6.5441   -5.9964   -5.9756   -5.8385   -5.7723   -5.4333   -5.0522   -4.8017   -4.7715   -4.0846   -3.4636   -3.1542   -2.8409   -2.3833   -1.8983   -0.7502    1.8816    2.0450    2.8637    4.5349    4.9663    5.2947    5.8827    6.0982    6.6660
  4.0336  -15.8741  -15.5131  -15.3980  -15.3081  -15.2765  -15.2245  -15.0094  -14.8048  -14.7644  -14.7589  -12.6564  -12.5161  -12.0822  -11.3867   -7.0080   -6.5351   -5.9975   -5.9741   -5.8440   -5.7692   -5.4453   -5.0384   -4.7859   -4.7315   -4.0920   -3.4171   -3.1514   -2.8018   -2.3279   -1.9104   -0.7547    1.8270    2.0303    2.8966    4.4703    4.8977    5.2811    5.8825    5.9539    6.6178
  4.0615  -15.8738  -15.5145  -15.3970  -15.3110  -15.2735  -15.2295  -14.9982  -14.8092  -14.7611  -14.7580  -12.6805  -12.5413  -12.0705  -11.3917   -7.0262   -6.5265   -5.9986   -5.9725   -5.8503   -5.7657   -5.4577   -5.0332   -4.7709   -4.6737   -4.0896   -3.3868   -3.1327   -2.7600   -2.2610   -1.9223   -0.7593    1.7625    2.0086    2.9257    4.3951    4.8180    5.2678    5.7876    5.8979    6.5209
  4.0893  -15.8736  -15.5160  -15.3959  -15.3139  -15.2705  -15.2348  -14.9859  -14.8135  -14.7581  -14.7567  -12.7065  -12.5665  -12.0596  -11.3971   -7.0461   -6.5192   -5.9996   -5.9711   -5.8571   -5.7619   -5.4700   -5.0357   -4.7576   -4.6005   -4.0769   -3.3747   -3.0975   -2.7165   -2.1832   -1.9334   -0.7642    1.6908    1.9774    2.9462    4.3168    4.7315    5.2587    5.6260    5.8911    6.4151
  4.1172  -15.8735  -15.5177  -15.3946  -15.3167  -15.2677  -15.2401  -14.9731  -14.8176  -14.7568  -14.7540  -12.7339  -12.5910  -12.0497  -11.4027   -7.0668   -6.5133   -6.0006   -5.9700   -5.8640   -5.7580   -5.4821   -5.0439   -4.7468   -4.5154   -4.0537   -3.3752   -3.0532   -2.6719   -2.0960   -1.9428   -0.7696    1.6138    1.9354    2.9531    4.2417    4.6452    5.2539    5.4618    5.8597    6.3461
  4.1451  -15.8734  -15.5194  -15.3932  -15.3194  -15.2650  -15.2452  -14.9599  -14.8215  -14.7560  -14.7507  -12.7617  -12.6146  -12.0410  -11.4083   -7.0876   -6.5091   -6.0013   -5.9695   -5.8709   -5.7541   -5.4936   -5.0555   -4.7392   -4.4219   -4.0210   -3.3811   -3.0084   -2.6260   -2.0017   -1.9492   -0.7756    1.5327    1.8830    2.9428    4.1720    4.5683    5.2516    5.3005    5.8009    6.3059
  4.1730  -15.8735  -15.5212  -15.3918  -15.3219  -15.2625  -15.2500  -14.9467  -14.8252  -14.7553  -14.7476  -12.7894  -12.6367  -12.0334  -11.4139   -7.1080   -6.5064   -6.0018   -5.9696   -5.8775   -5.7501   -5.5046   -5.0690   -4.7348   -4.3231   -3.9808   -3.3873   -2.9693   -2.5795   -1.9533   -1.9008   -0.7825    1.4491    1.8213    2.9146    4.1034    4.5112    5.1457    5.2509    5.7267    6.2815
  4.2009  -15.8736  -15.5230  -15.3903  -15.3244  -15.2602  -15.2542  -14.9340  -14.8286  -14.7547  -14.7445  -12.8162  -12.6571  -12.0270  -11.4192   -7.1274   -6.5049   -6.0021   -5.9703   -5.8837   -5.7463   -5.5147   -5.0831   -4.7333   -4.2219   -3.9362   -3.3902   -2.9389   -2.5344   -1.9501   -1.7995   -0.7903    1.3646    1.7524    2.8711    4.0292    4.4807    5.0055    5.2489    5.6502    6.2597
  4.2288  -15.8738  -15.5248  -15.3888  -15.3267  -15.2595  -15.2568  -14.9219  -14.8317  -14.7542  -14.7416  -12.8414  -12.6757  -12.0215  -11.4241   -7.1454   -6.5046   -6.0021   -5.9716   -5.8894   -5.7427   -5.5240   -5.0970   -4.7341   -4.1212   -3.8909   -3.3872   -2.9180   -2.4940   -1.9400   -1.6985   -0.7993    1.2810    1.6792    2.8172    3.9469    4.4711    4.8896    5.2453    5.5788    6.2300
  4.2567  -15.8741  -15.5264  -15.3874  -15.3287  -15.2622  -15.2555  -14.9107  -14.8344  -14.7537  -14.7389  -12.8646  -12.6923  -12.0171  -11.4286   -7.1616   -6.5049   -6.0018   -5.9733   -5.8946   -5.7394   -5.5322   -5.1101   -4.7363   -4.0241   -3.8488   -3.3765   -2.9060   -2.4615   -1.9223   -1.6011   -0.8093    1.2008    1.6051    2.7587    3.8605    4.4610    4.8162    5.2395    5.5159    6.1909
  4.2845  -15.8743  -15.5279  -15.3861  -15.3306  -15.2650  -15.2539  -14.9008  -14.8368  -14.7533  -14.7365  -12.8851  -12.7066  -12.0135  -11.4326   -7.1758   -6.5058   -6.0013   -5.9753   -5.8991   -5.7363   -5.5394   -5.1218   -4.7393   -3.9340   -3.8129   -3.3574   -2.9016   -2.4388   -1.8978   -1.5102   -0.8202    1.1263    1.5339    2.7010    3.7758    4.4265    4.8026    5.2316    5.4616    6.1443
  4.3124  -15.8746  -15.5292  -15.3850  -15.3321  -15.2674  -15.2525  -14.8923  -14.8389  -14.7530  -14.7343  -12.9026  -12.7185  -12.0107  -11.4360   -7.1877   -6.5068   -6.0006   -5.9774   -5.9029   -5.7337   -5.5454   -5.1318   -4.7426   -3.8550   -3.7839   -3.3313   -2.9034   -2.4255   -1.8694   -1.4288   -0.8318    1.0603    1.4693    2.6484    3.6985    4.3716    4.8387    5.2223    5.4148    6.0942
  4.3403  -15.8748  -15.5303  -15.3840  -15.3334  -15.2692  -15.2514  -14.8855  -14.8405  -14.7528  -14.7326  -12.9166  -12.7279  -12.0086  -11.4387   -7.1971   -6.5078   -5.9998   -5.9794   -5.9060   -5.7316   -5.5501   -5.1399   -4.7455   -3.7962   -3.7561   -3.3021   -2.9092   -2.4195   -1.8412   -1.3603   -0.8431    1.0055    1.4148    2.6042    3.6332    4.3158    4.8988    5.2123    5.3735    6.0455
  4.3682  -15.8750  -15.5310  -15.3833  -15.3343  -15.2706  -15.2506  -14.8805  -14.8417  -14.7526  -14.7313  -12.9268  -12.7347  -12.0072  -11.4406   -7.2040   -6.5087   -5.9991   -5.9810   -5.9083   -5.7300   -5.5535   -5.1457   -4.7479   -3.7694   -3.7193   -3.2749   -2.9169   -2.4181   -1.8174   -1.3078   -0.8532    0.9644    1.3736    2.5708    3.5838    4.2710    4.9639    5.2026    5.3368    6.0044
  4.3961  -15.8751  -15.5315  -15.3829  -15.3349  -15.2713  -15.2501  -14.8774  -14.8425  -14.7525  -14.7305  -12.9330  -12.7388  -12.0063  -11.4418   -7.2081   -6.5093   -5.9985   -5.9821   -5.9097   -5.7290   -5.5556   -5.1493   -4.7494   -3.7599   -3.6900   -3.2553   -2.9235   -2.4186   -1.8016   -1.2745   -0.8604    0.9388    1.3478    2.5501    3.5529    4.2427    5.0178    5.1938    5.3078    5.9766
  4.4240  -15.8751  -15.5317  -15.3828  -15.3350  -15.2716  -15.2500  -14.8764  -14.8427  -14.7525  -14.7302  -12.9351  -12.7402  -12.0060  -11.4422   -7.2095   -6.5095   -5.9983   -5.9825   -5.9101   -5.7287   -5.5563   -5.1505   -4.7499   -3.7573   -3.6796   -3.2482   -2.9261   -2.4189   -1.7961   -1.2630   -0.8630    0.9301    1.3390    2.5431    3.5425    4.2331    5.0405    5.1893    5.2959    5.9669
  4.4240  -15.8751  -15.5317  -15.3828  -15.3350  -15.2716  -15.2500  -14.8764  -14.8427  -14.7525  -14.7302  -12.9351  -12.7402  -12.0060  -11.4422   -7.2095   -6.5095   -5.9983   -5.9825   -5.9101   -5.7287   -5.5563   -5.1505   -4.7499   -3.7573   -3.6796   -3.2482   -2.9261   -2.4189   -1.7961   -1.2630   -0.8630    0.9301    1.3390    2.5431    3.5425    4.2331    5.0405    5.1893    5.2959    5.9668
  4.4739  -15.8736  -15.5312  -15.3830  -15.3346  -15.2704  -15.2504  -14.8764  -14.8425  -14.7531  -14.7308  -12.9507  -12.7474  -12.0096  -11.4463   -7.1944   -6.4944   -6.0001   -5.9838   -5.9079   -5.7293   -5.5710   -5.1390   -4.7204   -3.7649   -3.6733   -3.2419   -2.9156   -2.4208   -1.7924   -1.2577   -0.8548    0.9357    1.3438    2.5476    3.5478    4.2384    5.0424    5.1767    5.3233    5.9736
  4.5238  -15.8691  -15.5300  -15.3839  -15.3335  -15.2667  -15.2517  -14.8767  -14.8418  -14.7551  -14.7326  -12.9951  -12.7698  -12.0207  -11.4586   -7.1504   -6.4501   -6.0058   -5.9877   -5.9011   -5.7312   -5.6059   -5.1096   -4.6365   -3.7834   -3.6546   -3.2231   -2.8882   -2.4243   -1.7817   -1.2417   -0.8316    0.9527    1.3577    2.5614    3.5638    4.2545    5.0478    5.1621    5.3806    5.9928
  4.5737  -15.8617  -15.5281  -15.3853  -15.3316  -15.2604  -15.2538  -14.8771  -14.8406  -14.7582  -14.7355  -13.0629  -12.8086  -12.0398  -11.4786   -7.0814   -6.3800   -6.0152   -5.9942   -5.8895   -5.7340   -5.6441   -5.0696   -4.5098   -3.8019   -3.6239   -3.1921   -2.8540   -2.4241   -1.7647   -1.2149   -0.7970    0.9828    1.3794    2.5849    3.5897    4.2814    5.0555    5.1631    5.4449    6.0205
  4.6236  -15.8515  -15.5258  -15.3875  -15.3293  -15.2565  -15.2510  -14.8778  -14.8390  -14.7626  -14.7394  -13.1481  -12.8630  -12.0678  -11.5060   -6.9936   -6.2909   -6.0273   -6.0032   -5.8727   -5.7374   -5.6716   -5.0216   -4.3532   -3.8073   -3.5815   -3.1492   -2.8247   -2.4123   -1.7428   -1.1769   -0.7561    1.0277    1.4069    2.6187    3.6243    4.3186    5.0636    5.1824    5.5059    6.0501
  4.6735  -15.8386  -15.5234  -15.3903  -15.3266  -15.2596  -15.2383  -14.8789  -14.8371  -14.7681  -14.7439  -13.2457  -12.9309  -12.1050  -11.5399   -6.8960   -6.1973   -6.0361   -6.0147   -5.8525   -5.7412   -5.6766   -4.9645   -4.1802   -3.7856   -3.5284   -3.0950   -2.8085   -2.3820   -1.7175   -1.1277   -0.7142    1.0889    1.4372    2.6639    3.6652    4.3642    5.0694    5.2163    5.5562    6.0720
  4.7234  -15.8234  -15.5212  -15.3939  -15.3236  -15.2629  -15.2221  -14.8803  -14.8351  -14.7744  -14.7489  -13.3514  -13.0089  -12.1513  -11.5794   -6.7989   -6.1354   -6.0284   -6.0184   -5.8344   -5.7448   -5.6430   -4.8932   -4.0089   -3.7198   -3.4653   -3.0302   -2.8065   -2.3304   -1.6904   -1.0675   -0.6756    1.1665    1.4671    2.7211    3.7085    4.4135    5.0693    5.2559    5.5894    6.0788
  4.7733  -15.8061  -15.5192  -15.3983  -15.3204  -15.2662  -15.2024  -14.8824  -14.8333  -14.7814  -14.7541  -13.4616  -13.0933  -12.2059  -11.6231   -6.7130   -6.1292   -6.0441   -5.9652   -5.8234   -5.7481   -5.5571   -4.7996   -3.8614   -3.5922   -3.3936   -2.9557   -2.8142   -2.2579   -1.6632   -0.9968   -0.6431    1.2552    1.4957    2.7907    3.7482    4.4579    5.0594    5.2847    5.5986    6.0702
  4.8232  -15.7871  -15.5174  -15.4034  -15.3170  -15.2693  -15.1795  -14.8850  -14.8321  -14.7884  -14.7591  -13.5734  -13.1808  -12.2673  -11.6698   -6.6460   -6.1417   -6.0612   -5.9201   -5.8174   -5.7509   -5.4229   -4.6756   -3.7367   -3.4128   -3.3146   -2.8726   -2.8253   -2.1639   -1.6373   -0.9168   -0.6180    1.3359    1.5333    2.8723    3.7762    4.4839    5.0354    5.2784    5.5763    6.0584
  4.8731  -15.7670  -15.5156  -15.4091  -15.3134  -15.2720  -15.1537  -14.8883  -14.8325  -14.7945  -14.7638  -13.6842  -13.2681  -12.3338  -11.7180   -6.6009   -6.1561   -6.0793   -5.8957   -5.8122   -5.7531   -5.2573   -4.5176   -3.6141   -3.2300   -3.2163   -2.8313   -2.7822   -2.0454   -1.6139   -0.8292   -0.6004    1.3678    1.6096    2.9629    3.7838    4.4751    4.9939    5.2115    5.5245    6.0868
  4.9230  -15.7464  -15.5134  -15.4153  -15.3096  -15.2744  -15.1258  -14.8922  -14.8356  -14.7983  -14.7680  -13.7921  -13.3528  -12.4032  -11.7664   -6.5763   -6.1689   -6.0977   -5.8892   -5.8059   -5.7548   -5.0767   -4.3288   -3.4828   -3.1418   -3.0450   -2.8061   -2.6859   -1.8988   -1.5941   -0.7361   -0.5897    1.3394    1.7225    3.0560    3.7654    4.4190    4.9334    5.0768    5.4624    6.0513
  4.9729  -15.7262  -15.5103  -15.4219  -15.3058  -15.2763  -15.0963  -14.8966  -14.8419  -14.7993  -14.7715  -13.8950  -13.4327  -12.4734  -11.8137   -6.5684   -6.1791   -6.1159   -5.8947   -5.7983   -5.7559   -4.8954   -4.1168   -3.3405   -3.0520   -2.9663   -2.6873   -2.5852   -1.7225   -1.5791   -0.6402   -0.5856    1.2670    1.8398    3.1396    3.7242    4.3158    4.8550    4.9048    5.3886    5.8807
  5.0228  -15.7073  -15.5058  -15.4284  -15.3018  -15.2777  -15.0663  -14.9014  -14.8507  -14.7981  -14.7743  -13.9916  -13.5060  -12.5422  -11.8585   -6.5725   -6.1868   -6.1334   -5.9065   -5.7903   -5.7566   -4.7261   -3.8910   -3.1958   -2.9633   -2.9403   -2.5060   -2.4821   -1.5697   -1.5192   -0.5875   -0.5441    1.1589    1.9339    3.1967    3.6706    4.1843    4.7355    4.7627    5.2893    5.7172
  5.0727  -15.6907  -15.4995  -15.4347  -15.2978  -15.2788  -15.0367  -14.9062  -14.8606  -14.7956  -14.7764  -14.0801  -13.5714  -12.6075  -11.8998   -6.5846   -6.1922   -6.1496   -5.9205   -5.7826   -5.7570   -4.5788   -3.6618   -3.0945   -2.8781   -2.8651   -2.3785   -2.3166   -1.5670   -1.2963   -0.5951   -0.4513    1.0205    1.9802    3.2103    3.6076    4.0629    4.5961    4.6628    5.1765    5.5581
  5.1227  -15.6771  -15.4912  -15.4406  -15.2938  -15.2796  -15.0087  -14.9109  -14.8709  -14.7925  -14.7780  -14.1591  -13.6279  -12.6671  -11.9364   -6.6008   -6.1957   -6.1640   -5.9343   -5.7754   -5.7571   -4.4587   -3.4452   -3.0598   -2.7994   -2.6990   -2.2768   -2.1353   -1.5718   -1.0653   -0.6065   -0.3648    0.8585    1.9651    3.1515    3.5554    3.9727    4.5130    4.5627    5.0760    5.4098
  5.1726  -15.6668  -15.4817  -15.4457  -15.2899  -15.2802  -14.9832  -14.9151  -14.8810  -14.7892  -14.7791  -14.2271  -13.6747  -12.7192  -11.9676   -6.6182   -6.1978   -6.1764   -5.9464   -5.7691   -5.7571   -4.3665   -3.2816   -3.0099   -2.7299   -2.4972   -2.1797   -1.9711   -1.5843   -0.8477   -0.6112   -0.2880    0.6819    1.8977    3.0083    3.5265    3.9204    4.4696    4.4950    5.0054    5.2786
  5.2225  -15.6596  -15.4719  -15.4500  -15.2864  -15.2805  -14.9612  -14.9186  -14.8904  -14.7860  -14.7798  -14.2826  -13.7115  -12.7619  -11.9927   -6.6341   -6.1988   -6.1863   -5.9562   -5.7639   -5.7571   -4.2997   -3.2202   -2.8836   -2.6724   -2.2949   -2.0906   -1.8338   -1.6040   -0.7264   -0.5364   -0.2243    0.5020    1.8045    2.8341    3.4521    3.9579    4.3901    4.5006    4.9751    5.1701
  5.2724  -15.6550  -15.4634  -15.4531  -15.2835  -15.2807  -14.9434  -14.9213  -14.8990  -14.7832  -14.7803  -14.3237  -13.7380  -12.7936  -12.0110   -6.6468   -6.1993   -6.1936   -5.9633   -5.7601   -5.7570   -4.2547   -3.2130   -2.7379   -2.6293   -2.1160   -2.0143   -1.7341   -1.6288   -0.7252   -0.3666   -0.1764    0.3319    1.7141    2.6792    3.3440    4.0673    4.3295    4.4813    4.9844    5.0892
  5.3223  -15.6526  -15.4577  -15.4550  -15.2816  -15.2809  -14.9301  -14.9230  -14.9067  -14.7813  -14.7805  -14.3492  -13.7539  -12.8132  -12.0221   -6.6549   -6.1994   -6.1980   -5.9676   -5.7577   -5.7569   -4.2289   -3.2162   -2.6320   -2.6026   -1.9867   -1.9589   -1.6787   -1.6524   -0.7401   -0.2131   -0.1466    0.1876    1.6498    2.5739    3.2585    4.1933    4.2916    4.4242    5.0099    5.0392
  5.3722  -15.6518  -15.4557  -15.4557  -15.2809  -15.2809  -14.9236  -14.9236  -14.9113  -14.7806  -14.7806  -14.3578  -13.7592  -12.8198  -12.0258   -6.6577   -6.1995   -6.1995   -5.9690   -5.7569   -5.7569   -4.2205   -3.2182   -2.5936   -2.5936   -1.9377   -1.9377   -1.6629   -1.6629   -0.7465   -0.1365   -0.1365    0.1144    1.6266    2.5365    3.2269    4.2787    4.2787    4.3634    5.0222    5.0222
