#K-Path     Band-1    Band-2    Band-3    Band-4      ...     Band-n
  0.0000  -15.6401  -15.4456  -15.4456  -15.2715  -15.2715  -14.9140  -14.9140  -14.9018  -14.7722  -14.7722  -14.3376  -13.7405  -12.8017  -12.0084   -6.6363   -6.1878   -6.1878   -5.9562   -5.7481   -5.7481   -4.2075   -3.1994   -2.5881   -2.5881   -1.9300   -1.9300   -1.6574   -1.6574   -0.7398   -0.1339   -0.1339    0.1113    1.6190    2.5363    3.2217    4.2783    4.2783    4.3708    5.0222    5.0222
  0.0135  -15.6401  -15.4456  -15.4456  -15.2715  -15.2715  -14.9140  -14.9140  -14.9018  -14.7722  -14.7722  -14.3375  -13.7407  -12.8014  -12.0086   -6.6366   -6.1878   -6.1878   -5.9548   -5.7481   -5.7481   -4.2121   -3.1941   -2.5881   -2.5881   -1.9299   -1.9299   -1.6574   -1.6574   -0.7464   -0.1339   -0.1339    0.1175    1.6180    2.5366    3.2205    4.2785    4.2785    4.3712    5.0219    5.0219
  0.0270  -15.6401  -15.4456  -15.4456  -15.2715  -15.2715  -14.9140  -14.9140  -14.9018  -14.7722  -14.7722  -14.3374  -13.7412  -12.8005  -12.0092   -6.6376   -6.1878   -6.1878   -5.9506   -5.7481   -5.7481   -4.2255   -3.1785   -2.5882   -2.5882   -1.9298   -1.9298   -1.6576   -1.6576   -0.7655   -0.1339   -0.1339    0.1353    1.6150    2.5375    3.2169    4.2788    4.2788    4.3724    5.0210    5.0210
  0.0405  -15.6402  -15.4456  -15.4456  -15.2715  -15.2715  -14.9140  -14.9140  -14.9018  -14.7722  -14.7722  -14.3371  -13.7421  -12.7990  -12.0102   -6.6393   -6.1878   -6.1878   -5.9437   -5.7481   -5.7481   -4.2468   -3.1536   -2.5882   -2.5882   -1.9295   -1.9295   -1.6578   -1.6578   -0.7956   -0.1339   -0.1339    0.1633    1.6100    2.5389    3.2110    4.2794    4.2794    4.3742    5.0196    5.0196
  0.0540  -15.6402  -15.4456  -15.4456  -15.2715  -15.2715  -14.9140  -14.9140  -14.9018  -14.7722  -14.7722  -14.3368  -13.7432  -12.7970  -12.0116   -6.6415   -6.1878   -6.1878   -5.9342   -5.7481   -5.7481   -4.2748   -3.1205   -2.5883   -2.5883   -1.9291   -1.9291   -1.6582   -1.6582   -0.8347   -0.1339   -0.1339    0.1994    1.6030    2.5410    3.2029    4.2803    4.2803    4.3767    5.0176    5.0176
  0.0674  -15.6402  -15.4456  -15.4456  -15.2715  -15.2715  -14.9140  -14.9140  -14.9018  -14.7722  -14.7722  -14.3364  -13.7446  -12.7945  -12.0133   -6.6441   -6.1878   -6.1878   -5.9224   -5.7481   -5.7481   -4.3080   -3.0807   -2.5884   -2.5884   -1.9287   -1.9287   -1.6586   -1.6586   -0.8807   -0.1339   -0.1339    0.2416    1.5940    2.5437    3.1927    4.2813    4.2813    4.3799    5.0152    5.0152
  0.0809  -15.6402  -15.4456  -15.4456  -15.2715  -15.2715  -14.9140  -14.9140  -14.9018  -14.7722  -14.7722  -14.3359  -13.7463  -12.7916  -12.0154   -6.6472   -6.1878   -6.1878   -5.9084   -5.7481   -5.7481   -4.3451   -3.0356   -2.5885   -2.5885   -1.9281   -1.9281   -1.6590   -1.6590   -0.9319   -0.1338   -0.1338    0.2882    1.5830    2.5471    3.1808    4.2825    4.2825    4.3836    5.0124    5.0124
  0.0944  -15.6402  -15.4456  -15.4456  -15.2715  -15.2715  -14.9140  -14.9140  -14.9018  -14.7722  -14.7722  -14.3353  -13.7481  -12.7883  -12.0177   -6.6505   -6.1878   -6.1878   -5.8925   -5.7481   -5.7481   -4.3849   -2.9864   -2.5886   -2.5886   -1.9275   -1.9275   -1.6596   -1.6596   -0.9867   -0.1338   -0.1338    0.3375    1.5703    2.5510    3.1672    4.2839    4.2839    4.3877    5.0092    5.0092
  0.1079  -15.6402  -15.4456  -15.4456  -15.2715  -15.2715  -14.9140  -14.9140  -14.9018  -14.7722  -14.7722  -14.3347  -13.7501  -12.7848  -12.0201   -6.6539   -6.1878   -6.1878   -5.8751   -5.7481   -5.7481   -4.4261   -2.9343   -2.5887   -2.5887   -1.9268   -1.9268   -1.6601   -1.6601   -1.0439   -0.1338   -0.1338    0.3885    1.5557    2.5556    3.1523    4.2853    4.2853    4.3922    5.0058    5.0058
  0.1214  -15.6402  -15.4456  -15.4456  -15.2715  -15.2715  -14.9140  -14.9140  -14.9018  -14.7722  -14.7722  -14.3341  -13.7521  -12.7811  -12.0227   -6.6574   -6.1878   -6.1878   -5.8564   -5.7481   -5.7481   -4.4678   -2.8803   -2.5889   -2.5889   -1.9261   -1.9261   -1.6607   -1.6607   -1.1024   -0.1338   -0.1338    0.4399    1.5395    2.5607    3.1365    4.2869    4.2869    4.3969    5.0023    5.0023
  0.1349  -15.6402  -15.4456  -15.4456  -15.2715  -15.2715  -14.9140  -14.9140  -14.9018  -14.7722  -14.7722  -14.3335  -13.7542  -12.7774  -12.0254   -6.6609   -6.1878   -6.1878   -5.8370   -5.7481   -5.7481   -4.5092   -2.8254   -2.5890   -2.5890   -1.9254   -1.9254   -1.6613   -1.6613   -1.1612   -0.1337   -0.1337    0.4910    1.5218    2.5663    3.1200    4.2884    4.2884    4.4018    4.9987    4.9987
  0.1484  -15.6402  -15.4456  -15.4456  -15.2715  -15.2715  -14.9140  -14.9140  -14.9017  -14.7722  -14.7722  -14.3328  -13.7562  -12.7737  -12.0280   -6.6642   -6.1878   -6.1878   -5.8172   -5.7481   -5.7481   -4.5492   -2.7705   -2.5891   -2.5891   -1.9248   -1.9248   -1.6620   -1.6620   -1.2194   -0.1337   -0.1337    0.5410    1.5030    2.5723    3.1034    4.2900    4.2900    4.4066    4.9951    4.9951
  0.1619  -15.6402  -15.4456  -15.4456  -15.2715  -15.2715  -14.9140  -14.9140  -14.9017  -14.7722  -14.7722  -14.3322  -13.7582  -12.7701  -12.0306   -6.6673   -6.1878   -6.1878   -5.7975   -5.7481   -5.7481   -4.5872   -2.7168   -2.5892   -2.5892   -1.9241   -1.9241   -1.6625   -1.6625   -1.2761   -0.1337   -0.1337    0.5889    1.4834    2.5786    3.0870    4.2915    4.2915    4.4112    4.9917    4.9917
  0.1754  -15.6402  -15.4456  -15.4456  -15.2715  -15.2715  -14.9140  -14.9140  -14.9017  -14.7722  -14.7722  -14.3317  -13.7600  -12.7668  -12.0329   -6.6702   -6.1878   -6.1878   -5.7786   -5.7481   -5.7481   -4.6224   -2.6652   -2.5894   -2.5894   -1.9235   -1.9235   -1.6631   -1.6631   -1.3301   -0.1337   -0.1337    0.6340    1.4635    2.5848    3.0713    4.2929    4.2929    4.4155    4.9886    4.9886
  0.1888  -15.6402  -15.4456  -15.4456  -15.2715  -15.2715  -14.9140  -14.9140  -14.9017  -14.7722  -14.7722  -14.3311  -13.7616  -12.7638  -12.0351   -6.6727   -6.1878   -6.1878   -5.7610   -5.7481   -5.7481   -4.6540   -2.6170   -2.5895   -2.5895   -1.9229   -1.9229   -1.6636   -1.6636   -1.3802   -0.1337   -0.1337    0.6753    1.4440    2.5909    3.0567    4.2942    4.2942    4.4194    4.9857    4.9857
  0.2023  -15.6402  -15.4456  -15.4456  -15.2715  -15.2715  -14.9140  -14.9140  -14.9017  -14.7722  -14.7722  -14.3307  -13.7630  -12.7612  -12.0370   -6.6748   -6.1878   -6.1878   -5.7481   -5.7481   -5.7454   -4.6813   -2.5896   -2.5896   -2.5739   -1.9224   -1.9224   -1.6640   -1.6640   -1.4249   -0.1336   -0.1336    0.7117    1.4257    2.5965    3.0439    4.2953    4.2953    4.4228    4.9833    4.9833
  0.2158  -15.6402  -15.4456  -15.4456  -15.2715  -15.2715  -14.9140  -14.9140  -14.9017  -14.7722  -14.7722  -14.3304  -13.7641  -12.7591  -12.0385   -6.6764   -6.1878   -6.1878   -5.7481   -5.7481   -5.7324   -4.7034   -2.5896   -2.5896   -2.5374   -1.9220   -1.9220   -1.6643   -1.6643   -1.4626   -0.1336   -0.1336    0.7420    1.4096    2.6013    3.0333    4.2962    4.2962    4.4255    4.9813    4.9813
  0.2293  -15.6402  -15.4456  -15.4456  -15.2715  -15.2715  -14.9140  -14.9140  -14.9017  -14.7722  -14.7722  -14.3301  -13.7649  -12.7576  -12.0396   -6.6777   -6.1878   -6.1878   -5.7481   -5.7481   -5.7226   -4.7198   -2.5897   -2.5897   -2.5095   -1.9217   -1.9217   -1.6646   -1.6646   -1.4913   -0.1336   -0.1336    0.7650    1.3969    2.6050    3.0253    4.2969    4.2969    4.4275    4.9799    4.9799
  0.2428  -15.6402  -15.4456  -15.4456  -15.2715  -15.2715  -14.9140  -14.9140  -14.9017  -14.7722  -14.7722  -14.3299  -13.7654  -12.7567  -12.0403   -6.6784   -6.1878   -6.1878   -5.7481   -5.7481   -5.7164   -4.7298   -2.5897   -2.5897   -2.4918   -1.9216   -1.9216   -1.6647   -1.6647   -1.5095   -0.1336   -0.1336    0.7794    1.3888    2.6073    3.0203    4.2973    4.2973    4.4287    4.9790    4.9790
  0.2563  -15.6402  -15.4456  -15.4456  -15.2715  -15.2715  -14.9140  -14.9140  -14.9017  -14.7722  -14.7722  -14.3299  -13.7656  -12.7563  -12.0405   -6.6786   -6.1878   -6.1878   -5.7481   -5.7481   -5.7144   -4.7332   -2.5897   -2.5897   -2.4858   -1.9215   -1.9215   -1.6648   -1.6648   -1.5157   -0.1336   -0.1336    0.7843    1.3859    2.6081    3.0187    4.2974    4.2974    4.4292    4.9787    4.9787
  0.2563  -15.6402  -15.4456  -15.4456  -15.2715  -15.2715  -14.9140  -14.9140  -14.9017  -14.7722  -14.7722  -14.3299  -13.7656  -12.7563  -12.0405   -6.6786   -6.1878   -6.1878   -5.7481   -5.7481   -5.7144   -4.7332   -2.5897   -2.5897   -2.4858   -1.9215   -1.9215   -1.6648   -1.6648   -1.5157   -0.1336   -0.1336    0.7843    1.3859    2.6081    3.0187    4.2974    4.2974    4.4292    4.9787    4.9787
  0.3120  -15.6412  -15.4481  -15.4447  -15.2724  -15.2715  -14.9220  -14.9133  -14.8961  -14.7731  -14.7721  -14.3188  -13.7587  -12.7482  -12.0355   -6.6758   -6.1878   -6.1859   -5.7506   -5.7482   -5.7124   -4.7322   -2.6578   -2.6014   -2.4846   -2.0269   -1.9521   -1.6808   -1.6594   -1.4299   -0.1894   -0.1466    0.8124    1.4179    2.6548    3.0659    4.1965    4.3139    4.4816    4.9846    5.0006
  0.3676  -15.6445  -15.4552  -15.4423  -15.2748  -15.2714  -14.9378  -14.9116  -14.8871  -14.7755  -14.7718  -14.2863  -13.7381  -12.7240  -12.0208   -6.6675   -6.1877   -6.1802   -5.7568   -5.7483   -5.7078   -4.7301   -2.8258   -2.6371   -2.5086   -2.2197   -2.0479   -1.7168   -1.6674   -1.2710   -0.3402   -0.1856    0.8857    1.5077    2.7855    3.1939    4.0347    4.3614    4.4947    5.0252    5.0675
  0.4233  -15.6506  -15.4652  -15.4383  -15.2783  -15.2711  -14.9589  -14.9098  -14.8764  -14.7788  -14.7712  -14.2339  -13.7038  -12.6853  -11.9966   -6.6546   -6.1872   -6.1710   -5.7655   -5.7484   -5.7021   -4.7304   -3.0538   -2.6983   -2.6029   -2.3912   -2.2034   -1.7569   -1.6925   -1.1155   -0.5518   -0.2504    0.9834    1.6368    2.9780    3.3623    3.8849    4.4181    4.4489    5.1203    5.1793
  0.4790  -15.6602  -15.4762  -15.4331  -15.2823  -15.2707  -14.9842  -14.9083  -14.8640  -14.7825  -14.7703  -14.1641  -13.6562  -12.6338  -11.9636   -6.6386   -6.1859   -6.1584   -5.7759   -5.7486   -5.6969   -4.7390   -3.3097   -2.8045   -2.7834   -2.4979   -2.3915   -1.7973   -1.7354   -0.9816   -0.7909   -0.3404    1.0895    1.7769    3.2047    3.4815    3.8289    4.3318    4.5329    5.2589    5.3289
  0.5347  -15.6738  -15.4862  -15.4269  -15.2866  -15.2702  -15.0127  -14.9077  -14.8505  -14.7862  -14.7687  -14.0790  -13.5954  -12.5721  -11.9228   -6.6216   -6.1832   -6.1428   -5.7876   -5.7487   -5.6940   -4.7659   -3.5670   -3.0354   -2.9069   -2.6359   -2.5492   -1.8396   -1.7958   -1.0387   -0.8660   -0.4538    1.1933    1.8974    3.3963    3.5087    3.9370    4.2536    4.6381    5.4244    5.5021
  0.5903  -15.6912  -15.4940  -15.4202  -15.2907  -15.2695  -15.0427  -14.9080  -14.8369  -14.7897  -14.7664  -13.9808  -13.5222  -12.5031  -11.8752   -6.6063   -6.1786   -6.1247   -5.8004   -5.7486   -5.6956   -4.8245   -3.8037   -3.2657   -3.0578   -2.8219   -2.6727   -1.8870   -1.8722   -1.2638   -0.7811   -0.5864    1.2877    1.9776    3.3669    3.7178    4.0538    4.2564    4.7454    5.5830    5.6887
  0.6460  -15.7115  -15.4994  -15.4133  -15.2945  -15.2686  -15.0728  -14.9095  -14.8243  -14.7929  -14.7630  -13.8713  -13.4376  -12.4298  -11.8223   -6.5961   -6.1713   -6.1047   -5.8146   -5.7483   -5.7039   -4.9266   -4.0043   -3.4813   -3.2190   -3.0027   -2.8184   -1.9651   -1.9437   -1.4566   -0.7687   -0.6843    1.3683    2.0151    3.3164    3.9425    4.1102    4.3596    4.8428    5.6914    5.8754
  0.7017  -15.7333  -15.5028  -15.4068  -15.2980  -15.2674  -15.1015  -14.9125  -14.8136  -14.7956  -14.7583  -13.7523  -13.3430  -12.3554  -11.7656   -6.5950   -6.1610   -6.0834   -5.8314   -5.7477   -5.7202   -5.0716   -4.1654   -3.6813   -3.3595   -3.1778   -2.9903   -2.0685   -2.0246   -1.6034   -0.9225   -0.6496    1.4340    2.0230    3.2766    4.0975    4.2306    4.4676    4.9219    5.7503    6.0295
  0.7573  -15.7553  -15.5047  -15.4009  -15.3009  -15.2662  -15.1278  -14.9171  -14.8050  -14.7978  -14.7526  -13.6257  -13.2404  -12.2831  -11.7070   -6.6072   -6.1476   -6.0615   -5.8536   -5.7508   -5.7384   -5.2418   -4.2959   -3.8677   -3.4719   -3.3393   -3.1781   -2.1837   -2.1308   -1.7026   -1.0994   -0.6195    1.4876    2.0168    3.2468    4.1920    4.3952    4.5667    4.9858    5.7833    6.1315
  0.8130  -15.7764  -15.5058  -15.3961  -15.3031  -15.2649  -15.1508  -14.9235  -14.7995  -14.7982  -14.7466  -13.4934  -13.1323  -12.2163  -11.6484   -6.6361   -6.1326   -6.0399   -5.8870   -5.7708   -5.7384   -5.4122   -4.4064   -4.0387   -3.6102   -3.4363   -3.3663   -2.3153   -2.2455   -1.7698   -1.2813   -0.6051    1.5352    2.0068    3.2253    4.2901    4.4597    4.7264    5.0476    5.8052    6.2224
  0.8687  -15.7958  -15.5062  -15.3924  -15.3046  -15.2639  -15.1700  -14.9319  -14.8002  -14.7929  -14.7413  -13.3576  -13.0218  -12.1578  -11.5918   -6.6821   -6.1211   -6.0195   -5.9357   -5.7883   -5.7325   -5.5581   -4.5035   -4.1933   -3.7904   -3.5489   -3.4528   -2.4639   -2.3517   -1.8238   -1.4599   -0.6055    1.5832    1.9971    3.2074    4.3936    4.4550    4.9179    5.1218    5.8181    6.3232
  0.9244  -15.8129  -15.5062  -15.3899  -15.3052  -15.2632  -15.1850  -14.9421  -14.8002  -14.7882  -14.7374  -13.2209  -12.9124  -12.1105  -11.5390   -6.7412   -6.1324   -6.0024   -5.9855   -5.7985   -5.7290   -5.6532   -4.5893   -4.3368   -3.9805   -3.7003   -3.4408   -2.6220   -2.4482   -1.8789   -1.6234   -0.6184    1.6365    1.9896    3.1852    4.4391    4.4983    5.0859    5.2290    5.8248    6.3536
  0.9800  -15.8275  -15.5057  -15.3884  -15.3049  -15.2630  -15.1960  -14.9542  -14.7994  -14.7839  -14.7354  -13.0861  -12.8077  -12.0766  -11.4916   -6.8054   -6.1960   -6.0074   -5.9850   -5.8039   -5.7513   -5.6670   -4.6616   -4.4774   -4.1670   -3.8242   -3.4053   -2.7828   -2.5391   -1.9508   -1.7519   -0.6402    1.6965    1.9852    3.1502    4.4381    4.6019    5.1957    5.3863    5.8330    6.3635
  1.0357  -15.8393  -15.5048  -15.3878  -15.3037  -15.2637  -15.2031  -14.9678  -14.7977  -14.7800  -14.7355  -12.9570  -12.7113  -12.0573  -11.4507   -6.8649   -6.2888   -6.0032   -5.9751   -5.8091   -5.7718   -5.6340   -4.7180   -4.6169   -4.3416   -3.9218   -3.3534   -2.9406   -2.6311   -2.0508   -1.8269   -0.6661    1.7618    1.9857    3.0981    4.4613    4.7054    5.2608    5.5581    5.8578    6.3829
  1.0914  -15.8483  -15.5036  -15.3879  -15.3016  -15.2652  -15.2065  -14.9824  -14.7950  -14.7762  -14.7376  -12.8378  -12.6260  -12.0529  -11.4174   -6.9117   -6.3786   -5.9958   -5.9696   -5.8152   -5.7762   -5.5827   -4.7762   -4.7329   -4.4974   -3.9955   -3.2982   -3.0836   -2.7281   -2.1615   -1.8610   -0.6915    1.8275    1.9932    3.0306    4.5054    4.8097    5.2913    5.7092    5.9178    6.4262
  1.1470  -15.8548  -15.5021  -15.3884  -15.2986  -15.2678  -15.2067  -14.9972  -14.7915  -14.7728  -14.7415  -12.7343  -12.5533  -12.0621  -11.3917   -6.9411   -6.4525   -5.9901   -5.9671   -5.8192   -5.7740   -5.5219   -4.8893   -4.7678   -4.6282   -4.0426   -3.3096   -3.1458   -2.8269   -2.2653   -1.8725   -0.7118    1.8858    2.0113    2.9545    4.5575    4.9137    5.2976    5.8104    6.0288    6.4784
  1.2027  -15.8591  -15.5005  -15.3892  -15.2948  -15.2714  -15.2044  -15.0111  -14.7871  -14.7701  -14.7466  -12.6534  -12.4928  -12.0813  -11.3736   -6.9532   -6.5064   -5.9868   -5.9665   -5.8205   -5.7709   -5.4622   -4.9923   -4.7850   -4.7269   -4.0568   -3.4229   -3.1027   -2.9128   -2.3560   -1.8708   -0.7239    1.9269    2.0424    2.8804    4.6023    5.0112    5.2918    5.8713    6.1755    6.5718
  1.2584  -15.8614  -15.4993  -15.3898  -15.2902  -15.2759  -15.2011  -15.0223  -14.7821  -14.7688  -14.7518  -12.6018  -12.4458  -12.1037  -11.3626   -6.9533   -6.5388   -5.9849   -5.9668   -5.8202   -5.7689   -5.4166   -5.0661   -4.8092   -4.7779   -4.0328   -3.5456   -3.0784   -2.9489   -2.4284   -1.8616   -0.7268    1.9451    2.0799    2.8213    4.6294    5.0892    5.2758    5.9301    6.3261    6.6932
  1.3141  -15.8622  -15.4986  -15.3902  -15.2853  -15.2808  -15.1987  -15.0283  -14.7772  -14.7706  -14.7546  -12.5802  -12.4202  -12.1182  -11.3580   -6.9509   -6.5503   -5.9837   -5.9672   -5.8201   -5.7683   -5.3961   -5.1022   -4.8308   -4.7885   -3.9726   -3.6593   -3.0984   -2.9249   -2.4721   -1.8481   -0.7213    1.9368    2.1100    2.7922    4.6370    5.1296    5.2406    6.0009    6.4455    6.8312
  1.3141  -15.8622  -15.4986  -15.3902  -15.2853  -15.2808  -15.1987  -15.0283  -14.7772  -14.7706  -14.7546  -12.5802  -12.4202  -12.1182  -11.3580   -6.9509   -6.5503   -5.9837   -5.9672   -5.8201   -5.7683   -5.3961   -5.1022   -4.8308   -4.7885   -3.9726   -3.6593   -3.0984   -2.9249   -2.4721   -1.8481   -0.7213    1.9368    2.1100    2.7922    4.6370    5.1296    5.2406    6.0009    6.4464    6.8193
  1.3433  -15.8623  -15.4986  -15.3902  -15.2849  -15.2813  -15.1986  -15.0286  -14.7768  -14.7709  -14.7547  -12.5794  -12.4191  -12.1188  -11.3578   -6.9523   -6.5486   -5.9834   -5.9672   -5.8209   -5.7682   -5.3962   -5.1051   -4.8309   -4.7874   -3.9296   -3.7145   -3.1066   -2.9090   -2.4789   -1.8399   -0.7160    1.9194    2.1186    2.7934    4.6347    5.1316    5.2076    6.0340    6.4721    6.8576
  1.3726  -15.8621  -15.4988  -15.3901  -15.2875  -15.2787  -15.1996  -15.0265  -14.7797  -14.7685  -14.7543  -12.5847  -12.4270  -12.1141  -11.3590   -6.9570   -6.5424   -5.9835   -5.9669   -5.8228   -5.7678   -5.4022   -5.0982   -4.8238   -4.7808   -3.8816   -3.7659   -3.1087   -2.8946   -2.4726   -1.8309   -0.7097    1.8918    2.1202    2.8071    4.6291    5.1191    5.1597    6.0505    6.4679    6.8174
  1.4018  -15.8618  -15.4993  -15.3898  -15.2904  -15.2757  -15.2018  -15.0219  -14.7838  -14.7653  -14.7535  -12.5954  -12.4427  -12.1051  -11.3614   -6.9656   -6.5330   -5.9840   -5.9662   -5.8259   -5.7668   -5.4125   -5.0841   -4.8105   -4.7661   -3.8375   -3.8066   -3.1069   -2.8786   -2.4528   -1.8214   -0.7029    1.8540    2.1133    2.8327    4.6207    5.0703    5.1165    6.0350    6.4324    6.7590
  1.4311  -15.8614  -15.5001  -15.3893  -15.2935  -15.2726  -15.2052  -15.0150  -14.7883  -14.7619  -14.7526  -12.6106  -12.4641  -12.0933  -11.3648   -6.9781   -6.5217   -5.9851   -5.9653   -5.8302   -5.7651   -5.4254   -5.0668   -4.7912   -4.7408   -3.8641   -3.7717   -3.1055   -2.8549   -2.4204   -1.8113   -0.6961    1.8063    2.0966    2.8683    4.6096    4.9738    5.0914    5.9771    6.3775    6.6991
  1.4604  -15.8610  -15.5011  -15.3886  -15.2965  -15.2694  -15.2095  -15.0060  -14.7929  -14.7584  -14.7516  -12.6297  -12.4892  -12.0803  -11.3691   -6.9939   -6.5097   -5.9866   -5.9645   -5.8355   -5.7626   -5.4396   -5.0515   -4.7642   -4.7033   -3.9037   -3.7204   -3.1086   -2.8180   -2.3762   -1.8007   -0.6897    1.7496    2.0691    2.9106    4.5951    4.8534    5.0683    5.8786    6.3070    6.6547
  1.4896  -15.8607  -15.5023  -15.3877  -15.2995  -15.2663  -15.2145  -14.9953  -14.7975  -14.7549  -14.7506  -12.6521  -12.5163  -12.0673  -11.3742   -7.0124   -6.4984   -5.9886   -5.9639   -5.8415   -5.7595   -5.4541   -5.0422   -4.7283   -4.6526   -3.9388   -3.6713   -3.1179   -2.7659   -2.3214   -1.7895   -0.6842    1.6848    2.0303    2.9552    4.5747    4.7215    5.0479    5.7486    6.2163    6.6164
  1.5189  -15.8604  -15.5038  -15.3866  -15.3025  -15.2632  -15.2199  -14.9832  -14.8021  -14.7515  -14.7496  -12.6771  -12.5440  -12.0548  -11.3797   -7.0327   -6.4884   -5.9910   -5.9637   -5.8478   -5.7560   -5.4683   -5.0405   -4.6852   -4.5882   -3.9677   -3.6268   -3.1321   -2.7000   -2.2573   -1.7773   -0.6798    1.6128    1.9802    2.9961    4.5318    4.6056    5.0321    5.5975    6.1091    6.5739
  1.5482  -15.8602  -15.5054  -15.3853  -15.3055  -15.2602  -15.2255  -14.9701  -14.8065  -14.7494  -14.7474  -12.7040  -12.5713  -12.0433  -11.3856   -7.0542   -6.4804   -5.9939   -5.9640   -5.8540   -5.7521   -5.4818   -5.0456   -4.6389   -4.5105   -3.9884   -3.5881   -3.1492   -2.6233   -2.1856   -1.7637   -0.6768    1.5343    1.9196    3.0261    4.4276    4.5565    5.0196    5.4366    5.9925    6.5339
  1.5774  -15.8601  -15.5072  -15.3840  -15.3083  -15.2573  -15.2309  -14.9565  -14.8107  -14.7484  -14.7441  -12.7320  -12.5976  -12.0330  -11.3916   -7.0760   -6.4743   -5.9971   -5.9648   -5.8599   -5.7481   -5.4943   -5.0555   -4.5936   -4.4219   -3.9988   -3.5559   -3.1674   -2.5390   -2.1094   -1.7471   -0.6754    1.4504    1.8499    3.0369    4.3160    4.5335    4.9999    5.2842    5.8730    6.4954
  1.6067  -15.8601  -15.5090  -15.3825  -15.3110  -15.2545  -15.2362  -14.9428  -14.8146  -14.7476  -14.7408  -12.7603  -12.6224  -12.0240  -11.3977   -7.0974   -6.4703   -6.0006   -5.9659   -5.8655   -5.7441   -5.5057   -5.0683   -4.5535   -4.3254   -3.9967   -3.5303   -3.1854   -2.4503   -2.0329   -1.7251   -0.6757    1.3622    1.7732    3.0223    4.2218    4.5227    4.9367    5.1817    5.7567    6.4618
  1.6360  -15.8602  -15.5109  -15.3809  -15.3136  -15.2520  -15.2410  -14.9293  -14.8183  -14.7470  -14.7375  -12.7882  -12.6452  -12.0163  -11.4035   -7.1180   -6.4679   -6.0044   -5.9671   -5.8708   -5.7401   -5.5159   -5.0827   -4.5217   -4.2246   -3.9808   -3.5108   -3.2023   -2.3605   -1.9625   -1.6932   -0.6778    1.2712    1.6922    2.9807    4.1460    4.5275    4.8108    5.1521    5.6492    6.4263
  1.6652  -15.8604  -15.5127  -15.3794  -15.3160  -15.2499  -15.2452  -14.9164  -14.8216  -14.7464  -14.7344  -12.8148  -12.6660  -12.0097  -11.4091   -7.1372   -6.4670   -6.0083   -5.9684   -5.8756   -5.7361   -5.5249   -5.0974   -4.4996   -4.1230   -3.9516   -3.4968   -3.2176   -2.2734   -1.9049   -1.6472   -0.6816    1.1795    1.6100    2.9170    4.0835    4.5375    4.6791    5.1532    5.5555    6.3969
  1.6945  -15.8606  -15.5144  -15.3779  -15.3182  -15.2499  -15.2469  -14.9045  -14.8246  -14.7459  -14.7316  -12.8395  -12.6844  -12.0043  -11.4142   -7.1545   -6.4670   -6.0121   -5.9694   -5.8801   -5.7324   -5.5326   -5.1115   -4.4866   -4.0248   -3.9118   -3.4873   -3.2309   -2.1927   -1.8621   -1.5869   -0.6870    1.0896    1.5297    2.8402    4.0289    4.4643    4.6563    5.1566    5.4799    6.3718
  1.7238  -15.8609  -15.5160  -15.3765  -15.3202  -15.2528  -15.2454  -14.8938  -14.8272  -14.7455  -14.7289  -12.8615  -12.7004  -12.0000  -11.4188   -7.1698   -6.4678   -6.0156   -5.9703   -5.8842   -5.7291   -5.5391   -5.1244   -4.4805   -3.9349   -3.8644   -3.4816   -3.2420   -2.1227   -1.8296   -1.5189   -0.6936    1.0049    1.4545    2.7600    3.9798    4.3363    4.7193    5.1510    5.4247    6.3520
  1.7530  -15.8612  -15.5173  -15.3753  -15.3218  -15.2554  -15.2439  -14.8847  -14.8295  -14.7451  -14.7266  -12.8803  -12.7136  -11.9966  -11.4226   -7.1825   -6.4689   -6.0188   -5.9710   -5.8877   -5.7261   -5.5444   -5.1355   -4.4787   -3.8613   -3.8103   -3.4788   -3.2508   -2.0672   -1.8012   -1.4515   -0.7011    0.9287    1.3876    2.6844    3.9366    4.2177    4.8032    5.1346    5.3857    6.3350
  1.7823  -15.8614  -15.5185  -15.3743  -15.3231  -15.2575  -15.2427  -14.8773  -14.8312  -14.7449  -14.7248  -12.8955  -12.7241  -11.9940  -11.4257   -7.1927   -6.4700   -6.0214   -5.9715   -5.8906   -5.7237   -5.5485   -5.1445   -4.4792   -3.8097   -3.7518   -3.4783   -3.2575   -2.0279   -1.7745   -1.3918   -0.7087    0.8647    1.3320    2.6197    3.9006    4.1196    4.8933    5.1136    5.3529    6.3237
  1.8115  -15.8616  -15.5193  -15.3736  -15.3241  -15.2589  -15.2418  -14.8718  -14.8326  -14.7447  -14.7233  -12.9066  -12.7317  -11.9922  -11.4280   -7.2001   -6.4710   -6.0233   -5.9718   -5.8928   -5.7218   -5.5514   -5.1511   -4.4806   -3.7753   -3.7009   -3.4795   -3.2622   -2.0035   -1.7509   -1.3452   -0.7153    0.8162    1.2902    2.5703    3.8735    4.0468    4.9785    5.0980    5.3167    6.3179
  1.8408  -15.8617  -15.5198  -15.3731  -15.3247  -15.2598  -15.2413  -14.8685  -14.8334  -14.7446  -14.7225  -12.9133  -12.7362  -11.9912  -11.4293   -7.2045   -6.4716   -6.0245   -5.9719   -5.8941   -5.7207   -5.5532   -5.1552   -4.4817   -3.7547   -3.6671   -3.4813   -3.2648   -1.9908   -1.7344   -1.3154   -0.7199    0.7858    1.2643    2.5395    3.8566    4.0020    5.0351    5.1059    5.2751    6.3132
  1.8701  -15.8618  -15.5200  -15.3729  -15.3249  -15.2601  -15.2411  -14.8673  -14.8337  -14.7445  -14.7222  -12.9156  -12.7377  -11.9908  -11.4298   -7.2060   -6.4718   -6.0249   -5.9720   -5.8946   -5.7203   -5.5538   -5.1565   -4.4821   -3.7479   -3.6552   -3.4821   -3.2657   -1.9869   -1.7285   -1.3052   -0.7216    0.7755    1.2555    2.5290    3.8508    3.9870    5.0460    5.1289    5.2492    6.3126
  1.8701  -15.8618  -15.5200  -15.3729  -15.3249  -15.2601  -15.2411  -14.8673  -14.8337  -14.7445  -14.7222  -12.9156  -12.7377  -11.9908  -11.4298   -7.2060   -6.4718   -6.0249   -5.9720   -5.8946   -5.7203   -5.5538   -5.1565   -4.4821   -3.7479   -3.6552   -3.4821   -3.2657   -1.9869   -1.7285   -1.3052   -0.7216    0.7755    1.2555    2.5290    3.8508    3.9870    5.0460    5.1289    5.2492    6.3129
  1.9193  -15.8603  -15.5195  -15.3732  -15.3245  -15.2589  -15.2416  -14.8674  -14.8334  -14.7452  -14.7228  -12.9316  -12.7443  -11.9944  -11.4340   -7.1902   -6.4574   -6.0254   -5.9733   -5.8927   -5.7210   -5.5705   -5.1365   -4.4599   -3.7780   -3.6491   -3.4465   -3.2592   -1.9884   -1.7256   -1.2992   -0.7238    0.7852    1.2645    2.5340    3.8557    3.9937    5.0492    5.1293    5.2633    6.3188
  1.9686  -15.8558  -15.5183  -15.3741  -15.3234  -15.2552  -15.2429  -14.8676  -14.8327  -14.7471  -14.7246  -12.9769  -12.7652  -12.0054  -11.4464   -7.1440   -6.4153   -6.0272   -5.9771   -5.8871   -5.7228   -5.6100   -5.0864   -4.3949   -3.8372   -3.6309   -3.3691   -3.2399   -1.9929   -1.7171   -1.2812   -0.7298    0.8144    1.2905    2.5488    3.8697    4.0140    5.0593    5.1303    5.3038    6.3262
  2.0178  -15.8484  -15.5165  -15.3755  -15.3216  -15.2487  -15.2449  -14.8681  -14.8315  -14.7503  -14.7274  -13.0455  -12.8020  -12.0247  -11.4665   -7.0714   -6.3488   -6.0300   -5.9836   -5.8774   -5.7256   -5.6538   -5.0216   -4.2935   -3.8903   -3.6008   -3.2801   -3.2079   -2.0003   -1.7039   -1.2510   -0.7374    0.8627    1.3303    2.5735    3.8910    4.0481    5.0769    5.1308    5.3665    6.3395
  2.0670  -15.8383  -15.5143  -15.3777  -15.3193  -15.2476  -15.2393  -14.8688  -14.8300  -14.7546  -14.7312  -13.1314  -12.8544  -12.0532  -11.4936   -6.9791   -6.2655   -6.0330   -5.9925   -5.8636   -5.7290   -5.6868   -4.9507   -4.1699   -3.9136   -3.5595   -3.1902   -3.1637   -2.0102   -1.6869   -1.2086   -0.7435    0.9297    1.3796    2.6081    3.9167    4.0958    5.1015    5.1294    5.4454    6.3436
  2.1163  -15.8255  -15.5120  -15.3805  -15.3167  -15.2506  -15.2266  -14.8698  -14.8281  -14.7600  -14.7357  -13.2294  -12.9202  -12.0912  -11.5268   -6.8763   -6.1813   -6.0317   -6.0040   -5.8478   -5.7327   -5.6934   -4.8757   -4.0615   -3.8679   -3.5076   -3.1080   -3.1028   -2.0213   -1.6674   -1.1543   -0.7452    1.0136    1.4329    2.6529    3.9426    4.1556    5.1236    5.1298    5.5332    6.3311
  2.1655  -15.8104  -15.5099  -15.3841  -15.3137  -15.2539  -15.2104  -14.8713  -14.8262  -14.7663  -14.7407  -13.3353  -12.9962  -12.1384  -11.5652   -6.7741   -6.1282   -6.0176   -6.0106   -5.8364   -5.7363   -5.6516   -4.7937   -3.9969   -3.7277   -3.4459   -3.0414   -3.0184   -2.0303   -1.6466   -1.0887   -0.7406    1.1115    1.4846    2.7082    3.9635    4.2240    5.1109    5.1544    5.6214    6.3297
  2.2148  -15.7932  -15.5079  -15.3884  -15.3106  -15.2571  -15.1908  -14.8733  -14.8244  -14.7731  -14.7458  -13.4455  -13.0789  -12.1939  -11.6078   -6.6837   -6.1195   -6.0332   -5.9707   -5.8302   -5.7395   -5.5504   -4.6975   -3.9334   -3.5440   -3.3757   -2.9651   -2.9363   -2.0311   -1.6256   -1.0127   -0.7293    1.2166    1.5317    2.7745    3.9734    4.2940    5.0879    5.1620    5.7011    6.2267
  2.2640  -15.7743  -15.5062  -15.3935  -15.3072  -15.2601  -15.1679  -14.8759  -14.8233  -14.7800  -14.7509  -13.5572  -13.1649  -12.2559  -11.6534   -6.6139   -6.1287   -6.0502   -5.9386   -5.8234   -5.7423   -5.4022   -4.5782   -3.8509   -3.3504   -3.2983   -2.8800   -2.8558   -2.0132   -1.6055   -0.9279   -0.7122    1.3124    1.5791    2.8515    3.9658    4.3536    5.0518    5.1364    5.7575    6.1323
  2.3133  -15.7544  -15.5044  -15.3992  -15.3037  -15.2628  -15.1423  -14.8791  -14.8237  -14.7860  -14.7555  -13.6678  -13.2511  -12.3226  -11.7007   -6.5679   -6.1420   -6.0682   -5.9207   -5.8137   -5.7445   -5.2259   -4.4307   -3.7494   -3.2153   -3.1650   -2.7876   -2.7754   -1.9622   -1.5873   -0.8362   -0.6915    1.3654    1.6485    2.9374    3.9352    4.3855    5.0003    5.0671    5.7412    6.0801
  2.3625  -15.7340  -15.5023  -15.4055  -15.3000  -15.2651  -15.1145  -14.8830  -14.8269  -14.7897  -14.7596  -13.7753  -13.3349  -12.3919  -11.7484   -6.5441   -6.1548   -6.0865   -5.9140   -5.8027   -5.7461   -5.0371   -4.2559   -3.6313   -3.1287   -3.0080   -2.6893   -2.6869   -1.8641   -1.5720   -0.7399   -0.6700    1.3521    1.7504    3.0268    3.8803    4.3700    4.9325    4.9568    5.6244    6.0619
  2.4117  -15.7139  -15.4992  -15.4119  -15.2961  -15.2670  -15.0853  -14.8874  -14.8332  -14.7906  -14.7631  -13.8779  -13.4142  -12.4616  -11.7953   -6.5381   -6.1657   -6.1047   -5.9146   -5.7921   -5.7472   -4.8502   -4.0598   -3.4991   -3.0405   -2.8999   -2.5867   -2.5709   -1.7142   -1.5607   -0.6504   -0.6414    1.2831    1.8601    3.1093    3.8083    4.2949    4.8223    4.8499    5.4789    5.9004
  2.4610  -15.6952  -15.4948  -15.4185  -15.2922  -15.2684  -15.0555  -14.8921  -14.8419  -14.7894  -14.7659  -13.9739  -13.4871  -12.5296  -11.8399   -6.5445   -6.1740   -6.1220   -5.9196   -5.7826   -5.7479   -4.6785   -3.8506   -3.3586   -2.9531   -2.8309   -2.4818   -2.4236   -1.5545   -1.5202   -0.6355   -0.5437    1.1717    1.9476    3.1700    3.7318    4.1705    4.6909    4.7561    5.3307    5.7299
  2.5102  -15.6788  -15.4886  -15.4248  -15.2882  -15.2695  -15.0262  -14.8969  -14.8517  -14.7870  -14.7680  -14.0620  -13.5523  -12.5938  -11.8812   -6.5586   -6.1799   -6.1382   -5.9267   -5.7741   -5.7483   -4.5328   -3.6374   -3.2270   -2.8692   -2.7572   -2.3767   -2.2619   -1.5542   -1.2971   -0.6271   -0.4496    1.0272    1.9875    3.1896    3.6580    4.0362    4.5855    4.6565    5.1915    5.5677
  2.5595  -15.6653  -15.4804  -15.4306  -15.2843  -15.2703  -14.9984  -14.9015  -14.8619  -14.7840  -14.7696  -14.1405  -13.6088  -12.6524  -11.9181   -6.5766   -6.1837   -6.1525   -5.9344   -5.7667   -5.7484   -4.4182   -3.4357   -3.1238   -2.7915   -2.6370   -2.2736   -2.1001   -1.5610   -1.0613   -0.6260   -0.3625    0.8591    1.9669    3.1373    3.6022    3.9299    4.5249    4.5576    5.0786    5.4161
  2.6087  -15.6551  -15.4710  -15.4357  -15.2805  -15.2708  -14.9732  -14.9056  -14.8718  -14.7807  -14.7707  -14.2081  -13.6557  -12.7034  -11.9495   -6.5952   -6.1859   -6.1648   -5.9416   -5.7603   -5.7484   -4.3335   -3.2843   -3.0225   -2.7229   -2.4676   -2.1753   -1.9495   -1.5750   -0.8347   -0.6253   -0.2854    0.6778    1.8955    3.0011    3.5567    3.8856    4.4660    4.5118    5.0038    5.2823
  2.6580  -15.6480  -15.4615  -15.4399  -15.2770  -15.2712  -14.9514  -14.9091  -14.8811  -14.7775  -14.7714  -14.2630  -13.6926  -12.7452  -11.9748   -6.6119   -6.1871   -6.1747   -5.9477   -5.7551   -5.7484   -4.2744   -3.2190   -2.8792   -2.6661   -2.2798   -2.0851   -1.8211   -1.5961   -0.7076   -0.5471   -0.2216    0.4957    1.7997    2.8311    3.4593    3.9459    4.3879    4.5125    4.9740    5.1720
  2.7072  -15.6434  -15.4532  -15.4430  -15.2741  -15.2714  -14.9337  -14.9118  -14.8896  -14.7748  -14.7719  -14.3039  -13.7192  -12.7761  -11.9933   -6.6251   -6.1876   -6.1819   -5.9524   -5.7513   -5.7483   -4.2360   -3.2021   -2.7319   -2.6235   -2.1064   -2.0078   -1.7264   -1.6220   -0.7125   -0.3679   -0.1737    0.3260    1.7077    2.6781    3.3417    4.0661    4.3283    4.4883    4.9845    5.0899
  2.7565  -15.6409  -15.4476  -15.4449  -15.2722  -15.2715  -14.9205  -14.9134  -14.8972  -14.7729  -14.7722  -14.3291  -13.7352  -12.7952  -12.0046   -6.6334   -6.1878   -6.1863   -5.9552   -5.7489   -5.7482   -4.2144   -3.1994   -2.6264   -2.5971   -1.9787   -1.9516   -1.6730   -1.6465   -0.7314   -0.2112   -0.1440    0.1835    1.6425    2.5734    3.2538    4.1947    4.2910    4.4297    5.0100    5.0393
  2.8057  -15.6401  -15.4456  -15.4456  -15.2715  -15.2715  -14.9140  -14.9140  -14.9018  -14.7722  -14.7722  -14.3376  -13.7405  -12.8017  -12.0084   -6.6363   -6.1878   -6.1878   -5.9562   -5.7481   -5.7481   -4.2075   -3.1994   -2.5881   -2.5881   -1.9300   -1.9300   -1.6574   -1.6574   -0.7398   -0.1339   -0.1339    0.1113    1.6190    2.5363    3.2217    4.2783    4.2783    4.3708    5.0222    5.0222
  2.8057  -15.6401  -15.4456  -15.4456  -15.2715  -15.2715  -14.9140  -14.9140  -14.9018  -14.7722  -14.7722  -14.3376  -13.7405  -12.8017  -12.0084   -6.6363   -6.1878   -6.1878   -5.9562   -5.7481   -5.7481   -4.2075   -3.1994   -2.5881   -2.5881   -1.9300   -1.9300   -1.6574   -1.6574   -0.7398   -0.1339   -0.1339    0.1113    1.6190    2.5363    3.2217    4.2783    4.2783    4.3708    5.0222    5.0222
  2.8628  -15.6412  -15.4482  -15.4447  -15.2725  -15.2715  -14.9223  -14.9133  -14.8960  -14.7731  -14.7721  -14.3261  -13.7333  -12.7930  -12.0032   -6.6324   -6.1878   -6.1858   -5.9551   -5.7492   -5.7482   -4.2163   -3.2002   -2.6395   -2.6004   -1.9934   -1.9612   -1.6755   -1.6459   -0.7276   -0.2336   -0.1476    0.2033    1.6508    2.5863    3.2650    4.1747    4.2952    4.4412    5.0062    5.0453
  2.9199  -15.6447  -15.4557  -15.4421  -15.2750  -15.2713  -14.9388  -14.9115  -14.8866  -14.7756  -14.7718  -14.2921  -13.7115  -12.7674  -11.9879   -6.6210   -6.1875   -6.1799   -5.9519   -5.7524   -5.7483   -4.2444   -3.2069   -2.7760   -2.6377   -2.1462   -2.0581   -1.7174   -1.6377   -0.7026   -0.4259   -0.1890    0.3768    1.7368    2.7248    3.3790    4.0266    4.3395    4.5027    4.9785    5.1134
  2.9770  -15.6511  -15.4661  -15.4380  -15.2786  -15.2711  -14.9606  -14.9096  -14.8755  -14.7790  -14.7712  -14.2377  -13.6754  -12.7263  -11.9629   -6.6035   -6.1867   -6.1701   -5.9467   -5.7575   -5.7485   -4.2969   -3.2415   -2.9480   -2.7017   -2.3409   -2.2137   -1.7672   -1.6529   -0.7385   -0.5984   -0.2578    0.5803    1.8520    2.9224    3.5104    3.9138    4.3849    4.5340    4.9893    5.2221
  3.0341  -15.6613  -15.4774  -15.4325  -15.2828  -15.2707  -14.9869  -14.9082  -14.8627  -14.7828  -14.7701  -14.1650  -13.6252  -12.6717  -11.9290   -6.5819   -6.1847   -6.1569   -5.9399   -5.7643   -5.7486   -4.3812   -3.3649   -3.0724   -2.7962   -2.5423   -2.4021   -1.8238   -1.6938   -0.9663   -0.6074   -0.3523    0.7947    1.9626    3.1372    3.5680    3.9232    4.3858    4.5894    5.0763    5.3629
  3.0912  -15.6758  -15.4874  -15.4261  -15.2871  -15.2701  -15.0164  -14.9077  -14.8488  -14.7866  -14.7685  -14.0765  -13.5615  -12.6062  -11.8873   -6.5595   -6.1808   -6.1406   -5.9321   -5.7725   -5.7487   -4.5039   -3.5734   -3.1543   -2.9214   -2.7170   -2.5912   -1.8914   -1.7610   -1.2212   -0.6035   -0.4647    1.0044    2.0364    3.2915    3.6147    4.0196    4.3607    4.7021    5.2287    5.5215
  3.1483  -15.6942  -15.4950  -15.4191  -15.2913  -15.2694  -15.0473  -14.9081  -14.8349  -14.7902  -14.7659  -13.9743  -13.4850  -12.5329  -11.8391   -6.5405   -6.1742   -6.1217   -5.9243   -5.7820   -5.7486   -4.6656   -3.7977   -3.2892   -3.0547   -2.8613   -2.7409   -1.9751   -1.8559   -1.4483   -0.6628   -0.5443    1.1975    2.0577    3.3229    3.7737    4.1176    4.3482    4.8651    5.3952    5.6827
  3.2054  -15.7153  -15.5001  -15.4121  -15.2952  -15.2684  -15.0781  -14.9099  -14.8223  -14.7934  -14.7622  -13.8604  -13.3969  -12.4550  -11.7863   -6.5302   -6.1641   -6.1008   -5.9182   -5.7925   -5.7480   -4.8577   -4.0081   -3.4860   -3.1920   -3.0179   -2.8166   -2.0831   -1.9704   -1.6229   -0.8131   -0.5611    1.3646    2.0366    3.3073    3.9570    4.2283    4.3654    5.0439    5.5025    5.8430
  3.2625  -15.7379  -15.5032  -15.4055  -15.2986  -15.2672  -15.1072  -14.9133  -14.8117  -14.7961  -14.7572  -13.7367  -13.2989  -12.3757  -11.7305   -6.5342   -6.1499   -6.0788   -5.9162   -5.8039   -5.7468   -5.0646   -4.1922   -3.6999   -3.3482   -3.1861   -2.8611   -2.2169   -2.0777   -1.7455   -0.9930   -0.5713    1.4983    1.9972    3.2822    4.1004    4.3255    4.4740    5.1729    5.5533    5.9489
  3.3196  -15.7603  -15.5050  -15.3997  -15.3014  -15.2659  -15.1335  -14.9184  -14.8033  -14.7982  -14.7512  -13.6052  -13.1934  -12.2986  -11.6737   -6.5574   -6.1321   -6.0567   -5.9222   -5.8153   -5.7442   -5.2684   -4.3429   -3.9051   -3.5236   -3.3579   -2.9170   -2.3558   -2.1633   -1.8319   -1.1865   -0.5840    1.5925    1.9625    3.2558    4.1951    4.4130    4.6664    5.1873    5.6302    5.9897
  3.3767  -15.7816  -15.5059  -15.3950  -15.3035  -15.2646  -15.1562  -14.9255  -14.7997  -14.7968  -14.7451  -13.4681  -13.0833  -12.2272  -11.6179   -6.6023   -6.1126   -6.0364   -5.9406   -5.8246   -5.7397   -5.4513   -4.4582   -4.0894   -3.7125   -3.5292   -2.9978   -2.4911   -2.2255   -1.8904   -1.3860   -0.5992    1.6456    1.9470    3.2300    4.2691    4.5159    4.8657    5.1379    5.7124    6.0304
  3.4338  -15.8009  -15.5062  -15.3916  -15.3048  -15.2636  -15.1747  -14.9346  -14.8003  -14.7915  -14.7400  -13.3277  -12.9718  -12.1649  -11.5649   -6.6665   -6.0983   -6.0236   -5.9707   -5.8302   -5.7333   -5.5931   -4.5436   -4.2488   -3.9064   -3.6895   -3.0975   -2.6277   -2.2746   -1.9221   -1.5839   -0.6158    1.6673    1.9514    3.2031    4.3489    4.6094    4.9660    5.1761    5.7676    6.0732
  3.4909  -15.8177  -15.5060  -15.3893  -15.3052  -15.2630  -15.1889  -14.9457  -14.8001  -14.7869  -14.7366  -13.1870  -12.8630  -12.1151  -11.5161   -6.7421   -6.1224   -6.0273   -5.9814   -5.8324   -5.7351   -5.6660   -4.6099   -4.3892   -4.0965   -3.8207   -3.2056   -2.7649   -2.3299   -1.9314   -1.7693   -0.6322    1.6761    1.9663    3.1720    4.4326    4.6773    4.9482    5.3493    5.8163    6.0830
  3.5480  -15.8317  -15.5054  -15.3881  -15.3046  -15.2632  -15.1989  -14.9586  -14.7989  -14.7826  -14.7352  -13.0493  -12.7606  -12.0802  -11.4727   -6.8182   -6.2057   -6.0181   -5.9750   -5.8327   -5.7574   -5.6589   -4.6642   -4.5258   -4.2744   -3.9053   -3.3146   -2.8948   -2.4055   -1.9738   -1.8851   -0.6474    1.6866    1.9852    3.1326    4.4948    4.7341    4.9471    5.5350    5.8650    6.1498
  3.6051  -15.8428  -15.5044  -15.3878  -15.3031  -15.2641  -15.2047  -14.9729  -14.7968  -14.7786  -14.7360  -12.9188  -12.6681  -12.0617  -11.4358   -6.8838   -6.3027   -6.0042   -5.9699   -5.8325   -5.7701   -5.6182   -4.7077   -4.6676   -4.4344   -3.9407   -3.4219   -3.0044   -2.5050   -2.1072   -1.8769   -0.6611    1.7063    2.0079    3.0813    4.5187    4.8114    4.9712    5.7196    5.9141    6.2657
  3.6622  -15.8511  -15.5030  -15.3881  -15.3005  -15.2661  -15.2069  -14.9881  -14.7938  -14.7748  -14.7389  -12.8005  -12.5883  -12.0595  -11.4058   -6.9311   -6.3899   -5.9933   -5.9677   -5.8320   -5.7724   -5.5620   -4.8104   -4.7374   -4.5724   -3.9396   -3.5303   -3.0786   -2.6208   -2.2277   -1.8561   -0.6736    1.7377    2.0359    3.0165    4.5295    4.9008    5.0115    5.9020    5.9780    6.4233
  3.7193  -15.8568  -15.5014  -15.3887  -15.2971  -15.2692  -15.2060  -15.0031  -14.7898  -14.7716  -14.7435  -12.7011  -12.5217  -12.0714  -11.3832   -6.9568   -6.4595   -5.9868   -5.9670   -5.8302   -5.7708   -5.4996   -4.9363   -4.7618   -4.6826   -3.9131   -3.6426   -3.1103   -2.7372   -2.3280   -1.8398   -0.6856    1.7807    2.0691    2.9415    4.5496    4.9859    5.0629    6.0092    6.1229    6.5879
  3.7764  -15.8603  -15.4999  -15.3895  -15.2929  -15.2733  -15.2030  -15.0164  -14.7850  -14.7693  -14.7490  -12.6286  -12.4679  -12.0922  -11.3680   -6.9628   -6.5093   -5.9841   -5.9668   -5.8270   -5.7688   -5.4430   -5.0340   -4.7911   -4.7514   -3.8644   -3.7538   -3.1096   -2.8363   -2.4079   -1.8322   -0.6973    1.8324    2.1022    2.8667    4.5817    5.0682    5.1114    6.0531    6.3076    6.7295
  3.8335  -15.8619  -15.4989  -15.3901  -15.2880  -15.2782  -15.1997  -15.0259  -14.7797  -14.7693  -14.7536  -12.5886  -12.4300  -12.1123  -11.3597   -6.9569   -6.5394   -5.9834   -5.9670   -5.8230   -5.7681   -5.4058   -5.0921   -4.8237   -4.7780   -3.8708   -3.7765   -3.0996   -2.9008   -2.4610   -1.8343   -0.7088    1.8867    2.1223    2.8097    4.6168    5.1353    5.1560    6.0566    6.4458    6.8144
  3.8906  -15.8623  -15.4985  -15.3902  -15.2847  -15.2815  -15.1985  -15.0287  -14.7767  -14.7710  -14.7547  -12.5792  -12.4189  -12.1190  -11.3577   -6.9510   -6.5503   -5.9836   -5.9673   -5.8203   -5.7683   -5.3954   -5.1042   -4.8306   -4.7901   -3.9593   -3.6773   -3.1033   -2.9171   -2.4764   -1.8457   -0.7198    1.9325    2.1131    2.7915    4.6375    5.1248    5.2383    6.0072    6.4568    6.8634
  3.8906  -15.8623  -15.4985  -15.3902  -15.2847  -15.2815  -15.1985  -15.0287  -14.7767  -14.7710  -14.7547  -12.5792  -12.4189  -12.1190  -11.3577   -6.9510   -6.5503   -5.9836   -5.9673   -5.8203   -5.7683   -5.3954   -5.1042   -4.8306   -4.7901   -3.9593   -3.6773   -3.1033   -2.9171   -2.4764   -1.8457   -0.7198    1.9325    2.1131    2.7915    4.6375    5.1248    5.2383    6.0072    6.4601    6.8564
  3.9184  -15.8621  -15.4987  -15.3901  -15.2871  -15.2791  -15.1994  -15.0269  -14.7793  -14.7689  -14.7543  -12.5839  -12.4254  -12.1151  -11.3588   -6.9520   -6.5492   -5.9839   -5.9672   -5.8203   -5.7681   -5.3986   -5.0945   -4.8247   -4.7914   -3.9962   -3.6209   -3.1115   -2.9077   -2.4674   -1.8540   -0.7249    1.9449    2.0972    2.8001    4.6350    5.1031    5.2716    5.9677    6.4074    6.8368
  3.9463  -15.8619  -15.4992  -15.3898  -15.2899  -15.2762  -15.2013  -15.0229  -14.7831  -14.7659  -14.7536  -12.5937  -12.4388  -12.1073  -11.3609   -6.9566   -6.5445   -5.9845   -5.9667   -5.8216   -5.7673   -5.4057   -5.0771   -4.8144   -4.7880   -4.0270   -3.5618   -3.1221   -2.8884   -2.4470   -1.8638   -0.7297    1.9442    2.0785    2.8191    4.6195    5.0704    5.2941    5.9280    6.3287    6.7770
  3.9741  -15.8615  -15.4999  -15.3894  -15.2928  -15.2733  -15.2043  -15.0167  -14.7873  -14.7627  -14.7528  -12.6078  -12.4575  -12.0968  -11.3640   -6.9653   -6.5373   -5.9852   -5.9659   -5.8245   -5.7657   -5.4152   -5.0558   -4.8004   -4.7774   -4.0511   -3.5025   -3.1326   -2.8607   -2.4150   -1.8747   -0.7344    1.9242    2.0626    2.8460    4.5879    5.0266    5.3017    5.8995    6.2218    6.7145
  4.0019  -15.8612  -15.5008  -15.3888  -15.2957  -15.2703  -15.2083  -15.0086  -14.7917  -14.7594  -14.7519  -12.6257  -12.4798  -12.0850  -11.3679   -6.9778   -6.5287   -5.9861   -5.9647   -5.8287   -5.7633   -5.4263   -5.0357   -4.7843   -4.7548   -4.0673   -3.4467   -3.1394   -2.8264   -2.3714   -1.8864   -0.7389    1.8846    2.0496    2.8774    4.5386    4.9708    5.2954    5.8884    6.0925    6.6813
  4.0298  -15.8608  -15.5019  -15.3880  -15.2986  -15.2673  -15.2129  -14.9988  -14.7961  -14.7560  -14.7510  -12.6469  -12.5042  -12.0729  -11.3725   -6.9934   -6.5196   -5.9872   -5.9633   -5.8341   -5.7602   -5.4381   -5.0218   -4.7684   -4.7152   -4.0748   -3.4003   -3.1368   -2.7874   -2.3161   -1.8984   -0.7434    1.8304    2.0344    2.9095    4.4737    4.9025    5.2820    5.8885    5.9500    6.6228
  4.0576  -15.8605  -15.5032  -15.3870  -15.3014  -15.2643  -15.2179  -14.9877  -14.8004  -14.7527  -14.7500  -12.6706  -12.5294  -12.0611  -11.3775   -7.0115   -6.5110   -5.9882   -5.9617   -5.8402   -5.7568   -5.4504   -5.0164   -4.7533   -4.6579   -4.0727   -3.3703   -3.1184   -2.7457   -2.2493   -1.9103   -0.7481    1.7662    2.0123    2.9377    4.3983    4.8232    5.2692    5.7845    5.9044    6.5209
  4.0854  -15.8603  -15.5047  -15.3859  -15.3043  -15.2614  -15.2232  -14.9756  -14.8047  -14.7500  -14.7485  -12.6962  -12.5547  -12.0502  -11.3829   -7.0312   -6.5037   -5.9893   -5.9603   -5.8468   -5.7530   -5.4626   -5.0187   -4.7398   -4.5853   -4.0602   -3.3584   -3.0836   -2.7024   -2.1717   -1.9213   -0.7530    1.6947    1.9805    2.9572    4.3200    4.7373    5.2607    5.6237    5.8975    6.4180
  4.1133  -15.8601  -15.5063  -15.3846  -15.3070  -15.2586  -15.2285  -14.9628  -14.8088  -14.7488  -14.7456  -12.7231  -12.5793  -12.0403  -11.3884   -7.0517   -6.4978   -5.9902   -5.9593   -5.8536   -5.7492   -5.4745   -5.0267   -4.7289   -4.5008   -4.0373   -3.3592   -3.0395   -2.6579   -2.0848   -1.9307   -0.7584    1.6179    1.9382    2.9631    4.2451    4.6517    5.2564    5.4606    5.8652    6.3462
  4.1411  -15.8601  -15.5080  -15.3832  -15.3096  -15.2559  -15.2336  -14.9498  -14.8127  -14.7480  -14.7425  -12.7505  -12.6029  -12.0316  -11.3940   -7.0723   -6.4935   -5.9909   -5.9588   -5.8603   -5.7453   -5.4860   -5.0381   -4.7211   -4.4079   -4.0049   -3.3653   -2.9950   -2.6122   -1.9909   -1.9370   -0.7644    1.5370    1.8855    2.9520    4.1755    4.5755    5.2540    5.3010    5.8057    6.3201
  4.1690  -15.8602  -15.5098  -15.3818  -15.3122  -15.2534  -15.2384  -14.9368  -14.8163  -14.7473  -14.7393  -12.7777  -12.6251  -12.0240  -11.3996   -7.0925   -6.4907   -5.9914   -5.9588   -5.8667   -5.7414   -5.4968   -5.0515   -4.7165   -4.3096   -3.9650   -3.3719   -2.9561   -2.5658   -1.9412   -1.8905   -0.7713    1.4535    1.8236    2.9230    4.1072    4.5189    5.1464    5.2548    5.7313    6.2851
  4.1968  -15.8603  -15.5115  -15.3803  -15.3146  -15.2511  -15.2428  -14.9242  -14.8197  -14.7467  -14.7363  -12.8041  -12.6456  -12.0175  -11.4048   -7.1118   -6.4892   -5.9916   -5.9595   -5.8728   -5.7377   -5.5069   -5.0655   -4.7149   -4.2090   -3.9205   -3.3752   -2.9260   -2.5209   -1.9380   -1.7896   -0.7791    1.3690    1.7546    2.8790    4.0332    4.4885    5.0077    5.2531    5.6550    6.2636
  4.2246  -15.8605  -15.5132  -15.3789  -15.3168  -15.2494  -15.2463  -14.9122  -14.8227  -14.7462  -14.7334  -12.8290  -12.6642  -12.0121  -11.4098   -7.1296   -6.4888   -5.9916   -5.9608   -5.8784   -5.7341   -5.5161   -5.0794   -4.7154   -4.1089   -3.8753   -3.3729   -2.9052   -2.4806   -1.9282   -1.6891   -0.7880    1.2856    1.6814    2.8248    3.9512    4.4783    4.8936    5.2499    5.5841    6.2348
  4.2525  -15.8607  -15.5148  -15.3775  -15.3188  -15.2508  -15.2465  -14.9012  -14.8254  -14.7458  -14.7308  -12.8519  -12.6807  -12.0076  -11.4143   -7.1457   -6.4891   -5.9912   -5.9625   -5.8834   -5.7308   -5.5243   -5.0924   -4.7176   -4.0124   -3.8331   -3.3629   -2.8932   -2.4482   -1.9107   -1.5922   -0.7980    1.2055    1.6074    2.7663    3.8651    4.4668    4.8222    5.2445    5.5218    6.1962
  4.2803  -15.8610  -15.5163  -15.3762  -15.3206  -15.2536  -15.2450  -14.8914  -14.8278  -14.7454  -14.7283  -12.8721  -12.6950  -12.0040  -11.4182   -7.1598   -6.4899   -5.9907   -5.9645   -5.8878   -5.7278   -5.5314   -5.1040   -4.7205   -3.9227   -3.7970   -3.3447   -2.8889   -2.4254   -1.8866   -1.5017   -0.8088    1.1311    1.5364    2.7087    3.7807    4.4312    4.8102    5.2369    5.4681    6.1500
  4.3081  -15.8612  -15.5175  -15.3751  -15.3221  -15.2559  -15.2437  -14.8831  -14.8298  -14.7451  -14.7262  -12.8893  -12.7069  -12.0012  -11.4216   -7.1716   -6.4909   -5.9899   -5.9666   -5.8915   -5.7252   -5.5373   -5.1140   -4.7236   -3.8439   -3.7681   -3.3196   -2.8905   -2.4120   -1.8585   -1.4209   -0.8203    1.0653    1.4720    2.6562    3.7036    4.3761    4.8468    5.2277    5.4219    6.1002
  4.3360  -15.8614  -15.5185  -15.3742  -15.3233  -15.2578  -15.2426  -14.8763  -14.8315  -14.7448  -14.7245  -12.9031  -12.7163  -11.9991  -11.4243   -7.1810   -6.4919   -5.9890   -5.9686   -5.8945   -5.7231   -5.5420   -5.1220   -4.7265   -3.7833   -3.7421   -3.2911   -2.8963   -2.4059   -1.8307   -1.3528   -0.8316    1.0106    1.4177    2.6121    3.6386    4.3205    4.9067    5.2179    5.3813    6.0520
  4.3638  -15.8616  -15.5193  -15.3735  -15.3242  -15.2591  -15.2418  -14.8714  -14.8327  -14.7447  -14.7232  -12.9132  -12.7231  -11.9977  -11.4262   -7.1878   -6.4927   -5.9882   -5.9703   -5.8968   -5.7216   -5.5454   -5.1278   -4.7289   -3.7534   -3.7086   -3.2646   -2.9038   -2.4043   -1.8072   -1.3006   -0.8415    0.9695    1.3766    2.5788    3.5893    4.2761    4.9713    5.2081    5.3453    6.0110
  4.3916  -15.8617  -15.5197  -15.3731  -15.3248  -15.2599  -15.2413  -14.8684  -14.8334  -14.7446  -14.7224  -12.9193  -12.7272  -11.9968  -11.4274   -7.1919   -6.4932   -5.9875   -5.9715   -5.8981   -5.7206   -5.5475   -5.1313   -4.7303   -3.7431   -3.6803   -3.2455   -2.9103   -2.4046   -1.7916   -1.2675   -0.8486    0.9440    1.3510    2.5582    3.5585    4.2481    5.0248    5.1991    5.3171    5.9834
  4.4195  -15.8618  -15.5199  -15.3729  -15.3250  -15.2602  -15.2411  -14.8673  -14.8337  -14.7445  -14.7222  -12.9214  -12.7286  -11.9965  -11.4278   -7.1932   -6.4934   -5.9873   -5.9719   -5.8986   -5.7203   -5.5482   -5.1325   -4.7308   -3.7403   -3.6700   -3.2385   -2.9128   -2.4050   -1.7862   -1.2562   -0.8512    0.9354    1.3423    2.5512    3.5480    4.2385    5.0473    5.1944    5.3056    5.9737
  4.4195  -15.8618  -15.5199  -15.3729  -15.3250  -15.2602  -15.2411  -14.8673  -14.8337  -14.7445  -14.7222  -12.9214  -12.7286  -11.9965  -11.4278   -7.1932   -6.4934   -5.9873   -5.9719   -5.8986   -5.7203   -5.5482   -5.1325   -4.7308   -3.7403   -3.6700   -3.2385   -2.9128   -2.4050   -1.7862   -1.2562   -0.8512    0.9354    1.3423    2.5512    3.5480    4.2385    5.0473    5.1944    5.3056    5.9737
  4.4693  -15.8603  -15.5194  -15.3732  -15.3246  -15.2590  -15.2416  -14.8674  -14.8334  -14.7452  -14.7228  -12.9370  -12.7357  -12.0001  -11.4319   -7.1782   -6.4784   -5.9891   -5.9732   -5.8964   -5.7209   -5.5626   -5.1210   -4.7017   -3.7479   -3.6638   -3.2323   -2.9023   -2.4068   -1.7825   -1.2509   -0.8431    0.9409    1.3470    2.5557    3.5534    4.2438    5.0492    5.1828    5.3319    5.9804
  4.5192  -15.8558  -15.5182  -15.3741  -15.3234  -15.2552  -15.2429  -14.8676  -14.8327  -14.7471  -14.7246  -12.9812  -12.7578  -12.0109  -11.4441   -7.1344   -6.4344   -5.9946   -5.9771   -5.8897   -5.7228   -5.5970   -5.0916   -4.6189   -3.7662   -3.6452   -3.2135   -2.8749   -2.4104   -1.7718   -1.2350   -0.8201    0.9579    1.3608    2.5694    3.5691    4.2596    5.0543    5.1692    5.3878    5.9993
  4.5690  -15.8484  -15.5164  -15.3755  -15.3216  -15.2488  -15.2449  -14.8681  -14.8315  -14.7503  -14.7274  -13.0487  -12.7961  -12.0298  -11.4641   -7.0655   -6.3647   -6.0038   -5.9835   -5.8783   -5.7255   -5.6347   -5.0514   -4.4934   -3.7847   -3.6145   -3.1825   -2.8405   -2.4104   -1.7550   -1.2082   -0.7860    0.9878    1.3825    2.5928    3.5947    4.2862    5.0617    5.1707    5.4511    6.0266
  4.6189  -15.8383  -15.5142  -15.3777  -15.3194  -15.2476  -15.2394  -14.8688  -14.8300  -14.7546  -14.7312  -13.1336  -12.8501  -12.0573  -11.4914   -6.9780   -6.2761   -6.0155   -5.9925   -5.8618   -5.7290   -5.6620   -5.0033   -4.3380   -3.7901   -3.5724   -3.1397   -2.8109   -2.3989   -1.7332   -1.1703   -0.7456    1.0324    1.4098    2.6265    3.6288    4.3229    5.0694    5.1901    5.5112    6.0553
  4.6687  -15.8255  -15.5120  -15.3805  -15.3167  -15.2506  -15.2266  -14.8698  -14.8281  -14.7600  -14.7357  -13.2308  -12.9174  -12.0941  -11.5251   -6.8804   -6.1835   -6.0237   -6.0039   -5.8419   -5.7326   -5.6667   -4.9461   -4.1663   -3.7684   -3.5194   -3.0857   -2.7941   -2.3691   -1.7081   -1.1213   -0.7043    1.0932    1.4400    2.6715    3.6691    4.3676    5.0746    5.2239    5.5607    6.0762
  4.7186  -15.8104  -15.5098  -15.3841  -15.3138  -15.2539  -15.2104  -14.8713  -14.8262  -14.7663  -14.7407  -13.3361  -12.9947  -12.1398  -11.5644   -6.7833   -6.1230   -6.0176   -6.0053   -5.8241   -5.7362   -5.6327   -4.8750   -3.9960   -3.7028   -3.4566   -3.0210   -2.7916   -2.3180   -1.6813   -1.0612   -0.6662    1.1699    1.4699    2.7283    3.7116    4.4158    5.0739    5.2631    5.5931    6.0810
  4.7685  -15.7932  -15.5079  -15.3884  -15.3106  -15.2571  -15.1908  -14.8733  -14.8244  -14.7731  -14.7458  -13.4458  -13.0785  -12.1938  -11.6079   -6.6971   -6.1173   -6.0332   -5.9527   -5.8132   -5.7395   -5.5462   -4.7820   -3.8491   -3.5761   -3.3851   -2.9468   -2.7988   -2.2461   -1.6544   -0.9908   -0.6343    1.2574    1.4986    2.7975    3.7504    4.4587    5.0631    5.2910    5.6014    6.0702
  4.8183  -15.7743  -15.5061  -15.3935  -15.3072  -15.2601  -15.1680  -14.8759  -14.8233  -14.7800  -14.7509  -13.5571  -13.1654  -12.2545  -11.6543   -6.6295   -6.1297   -6.0502   -5.9085   -5.8073   -5.7423   -5.4115   -4.6589   -3.7247   -3.3978   -3.3064   -2.8639   -2.8096   -2.1527   -1.6287   -0.9111   -0.6097    1.3364    1.5366    2.8784    3.7775    4.4830    5.0383    5.2830    5.5786    6.0722
  4.8682  -15.7544  -15.5044  -15.3992  -15.3037  -15.2628  -15.1424  -14.8791  -14.8237  -14.7860  -14.7555  -13.6675  -13.2522  -12.3203  -11.7023   -6.5838   -6.1441   -6.0682   -5.8843   -5.8023   -5.7445   -5.2457   -4.5021   -3.6025   -3.2221   -3.2020   -2.8154   -2.7737   -2.0350   -1.6056   -0.8238   -0.5925    1.3671    1.6124    2.9682    3.7843    4.4724    4.9960    5.2134    5.5270    6.0808
  4.9180  -15.7340  -15.5022  -15.4055  -15.3000  -15.2651  -15.1145  -14.8830  -14.8269  -14.7897  -14.7596  -13.7749  -13.3363  -12.3890  -11.7504   -6.5586   -6.1569   -6.0865   -5.8776   -5.7962   -5.7461   -5.0652   -4.3146   -3.4717   -3.1342   -3.0303   -2.7910   -2.6775   -1.8893   -1.5861   -0.7311   -0.5823    1.3385    1.7235    3.0604    3.7653    4.4149    4.9347    5.0762    5.4655    6.0749
  4.9679  -15.7139  -15.4992  -15.4119  -15.2961  -15.2670  -15.0853  -14.8874  -14.8332  -14.7906  -14.7631  -13.8774  -13.4157  -12.4585  -11.7974   -6.5499   -6.1672   -6.1047   -5.8827   -5.7888   -5.7472   -4.8840   -4.1040   -3.3300   -3.0448   -2.9499   -2.6742   -2.5771   -1.7141   -1.5714   -0.6355   -0.5785    1.2659    1.8387    3.1430    3.7242    4.3111    4.8557    4.9028    5.3917    5.8790
  5.0177  -15.6952  -15.4948  -15.4185  -15.2922  -15.2684  -15.0555  -14.8921  -14.8419  -14.7894  -14.7659  -13.9735  -13.4886  -12.5267  -11.8420   -6.5534   -6.1749   -6.1220   -5.8942   -5.7811   -5.7479   -4.7147   -3.8795   -3.1856   -2.9564   -2.9236   -2.4941   -2.4742   -1.5623   -1.5121   -0.5807   -0.5398    1.1574    1.9305    3.1991    3.6711    4.1795    4.7332    4.7629    5.2922    5.7159
  5.0676  -15.6788  -15.4886  -15.4248  -15.2882  -15.2695  -15.0262  -14.8969  -14.8517  -14.7870  -14.7680  -14.0616  -13.5536  -12.5914  -11.8830   -6.5649   -6.1804   -6.1382   -5.9080   -5.7735   -5.7483   -4.5671   -3.6512   -3.0819   -2.8716   -2.8514   -2.3708   -2.3057   -1.5599   -1.2902   -0.5885   -0.4473    1.0186    1.9746    3.2115    3.6088    4.0582    4.5944    4.6627    5.1796    5.5571
  5.1174  -15.6653  -15.4804  -15.4306  -15.2843  -15.2703  -14.9984  -14.9015  -14.8619  -14.7840  -14.7696  -14.1402  -13.6098  -12.6505  -11.9195   -6.5806   -6.1839   -6.1525   -5.9216   -5.7664   -5.7484   -4.4467   -3.4348   -3.0455   -2.7931   -2.6885   -2.2693   -2.1255   -1.5650   -1.0601   -0.6001   -0.3611    0.8564    1.9579    3.1513    3.5572    3.9679    4.5130    4.5624    5.0794    5.4089
  5.1673  -15.6551  -15.4710  -15.4357  -15.2805  -15.2708  -14.9731  -14.9056  -14.8718  -14.7807  -14.7707  -14.2079  -13.6565  -12.7020  -11.9505   -6.5975   -6.1860   -6.1648   -5.9336   -5.7602   -5.7484   -4.3541   -3.2686   -2.9979   -2.7239   -2.4882   -2.1723   -1.9624   -1.5777   -0.8430   -0.6053   -0.2847    0.6796    1.8899    3.0075    3.5262    3.9176    4.4692    4.4969    5.0085    5.2779
  5.2172  -15.6480  -15.4614  -15.4399  -15.2770  -15.2712  -14.9514  -14.9091  -14.8811  -14.7775  -14.7714  -14.2629  -13.6931  -12.7443  -11.9754   -6.6131   -6.1871   -6.1747   -5.9434   -5.7551   -5.7484   -4.2870   -3.2035   -2.8755   -2.6666   -2.2867   -2.0832   -1.8262   -1.5978   -0.7204   -0.5326   -0.2212    0.4996    1.7965    2.8334    3.4484    3.9584    4.3897    4.5039    4.9772    5.1697
  5.2670  -15.6434  -15.4532  -15.4430  -15.2741  -15.2714  -14.9337  -14.9118  -14.8896  -14.7748  -14.7719  -14.3038  -13.7194  -12.7758  -11.9936   -6.6256   -6.1876   -6.1819   -5.9504   -5.7513   -5.7483   -4.2419   -3.1948   -2.7315   -2.6237   -2.1083   -2.0068   -1.7274   -1.6229   -0.7187   -0.3639   -0.1736    0.3294    1.7063    2.6787    3.3390    4.0690    4.3291    4.4856    4.9854    5.0890
  5.3169  -15.6409  -15.4476  -15.4449  -15.2722  -15.2715  -14.9205  -14.9134  -14.8972  -14.7729  -14.7722  -14.3290  -13.7353  -12.7951  -12.0046   -6.6336   -6.1878   -6.1863   -5.9547   -5.7489   -5.7482   -4.2160   -3.1976   -2.6263   -2.5971   -1.9791   -1.9514   -1.6729   -1.6467   -0.7334   -0.2107   -0.1439    0.1850    1.6422    2.5735    3.2533    4.1950    4.2912    4.4294    5.0101    5.0390
  5.3667  -15.6401  -15.4456  -15.4456  -15.2715  -15.2715  -14.9140  -14.9140  -14.9018  -14.7722  -14.7722  -14.3376  -13.7405  -12.8017  -12.0084   -6.6363   -6.1878   -6.1878   -5.9562   -5.7481   -5.7481   -4.2075   -3.1994   -2.5881   -2.5881   -1.9300   -1.9300   -1.6574   -1.6574   -0.7398   -0.1339   -0.1339    0.1113    1.6190    2.5363    3.2217    4.2783    4.2783    4.3708    5.0222    5.0222
