    #Energy        TDOS
    #TDOS obtained from EIGENVAL file
   -14.67731     1.63592
   -14.66732     1.58235
   -14.65732     1.53287
   -14.64733     1.48748
   -14.63733     1.44617
   -14.62734     1.40869
   -14.61734     1.37249
   -14.60735     1.32727
   -14.59735     1.28034
   -14.58736     1.23490
   -14.57736     1.19092
   -14.56737     1.14843
   -14.55737     1.10741
   -14.54738     1.06786
   -14.53738     1.02979
   -14.52739     0.99319
   -14.51739     0.95901
   -14.50740     0.94363
   -14.49740     1.02030
   -14.48741     1.31870
   -14.47741     1.98179
   -14.46742     2.51790
   -14.45742     3.35267
   -14.44743     4.41962
   -14.43743     5.08842
   -14.42744     5.80587
   -14.41744     6.45802
   -14.40745     7.03318
   -14.39745     7.52775
   -14.38746     7.89070
   -14.37746     8.15899
   -14.36747     8.42626
   -14.35747     8.55620
   -14.34748     9.35633
   -14.33748     6.74995
   -14.32749     6.79121
   -14.31749     6.69019
   -14.30750     6.52638
   -14.29750     6.46154
   -14.28751     6.58536
   -14.27751     6.64975
   -14.26752     6.69187
   -14.25752     6.70990
   -14.24753     6.70383
   -14.23753     6.67693
   -14.22754     6.57112
   -14.21754     6.35878
   -14.20755     6.33828
   -14.19755     6.55354
   -14.18756     6.64173
   -14.17756     6.61110
   -14.16757     6.41110
   -14.15757     6.06266
   -14.14758     5.77515
   -14.13758     5.82538
   -14.12759     6.08197
   -14.11759     6.45308
   -14.10760     8.60121
   -14.09760    11.43623
   -14.08761    10.38397
   -14.07761     9.15715
   -14.06762    10.40142
   -14.05762    10.55145
   -14.04763     9.02487
   -14.03763     9.61241
   -14.02764    10.24590
   -14.01764    11.30408
   -14.00765    12.99449
   -13.99765    14.89211
   -13.98766    13.89664
   -13.97766    13.84096
   -13.96767    11.56358
   -13.95767    11.40831
   -13.94768    11.40244
   -13.93768    11.56981
   -13.92769    11.64683
   -13.91769    11.63503
   -13.90770    12.02700
   -13.89770    15.66351
   -13.88771    19.84804
   -13.87771    19.58061
   -13.86772    18.32796
   -13.85772    16.16378
   -13.84773    14.64081
   -13.83773    12.19065
   -13.82774    10.83416
   -13.81774    10.23098
   -13.80775    10.65894
   -13.79775     9.41432
   -13.78776     9.72891
   -13.77776    10.11397
   -13.76777    11.00748
   -13.75777    12.35511
   -13.74778    11.53946
   -13.73778    15.02249
   -13.72779    16.92942
   -13.71779    16.50847
   -13.70780    14.40770
   -13.69780    12.60268
   -13.68781    10.88450
   -13.67781     9.52034
   -13.66782     8.71940
   -13.65782     8.74760
   -13.64783     9.91961
   -13.63783    11.15830
   -13.62784    12.45956
   -13.61784    13.90159
   -13.60785    13.75735
   -13.59785    12.53341
   -13.58786    19.74602
   -13.57786    28.55076
   -13.56787    33.73726
   -13.55787    30.22531
   -13.54788    27.80621
   -13.53788    26.08062
   -13.52789    28.69791
   -13.51789    27.57194
   -13.50790    29.87331
   -13.49790    23.30691
   -13.48791    14.49344
   -13.47791    12.77811
   -13.46792    10.17459
   -13.45792     7.53574
   -13.44793     4.45964
   -13.43793     1.51525
   -13.42794     0.15421
   -13.41794     0.00000
   -13.40795     0.00000
   -13.39795     0.00000
   -13.38796     0.00000
   -13.37796     0.00000
   -13.36797     0.00000
   -13.35797     0.00000
   -13.34798     0.00000
   -13.33798     0.00000
   -13.32799     0.00000
   -13.31799     0.00000
   -13.30800     0.00000
   -13.29800     0.00000
   -13.28801     0.00000
   -13.27801     0.00000
   -13.26802     0.00000
   -13.25802     0.00000
   -13.24803     0.00000
   -13.23803     0.00000
   -13.22804     0.00000
   -13.21804     0.00000
   -13.20805     0.00000
   -13.19805     0.00000
   -13.18806     0.00000
   -13.17806     0.00000
   -13.16807     0.00000
   -13.15807     0.00000
   -13.14808     0.00000
   -13.13808     0.00000
   -13.12809     0.00000
   -13.11809     0.00000
   -13.10810     0.00000
   -13.09810     0.00000
   -13.08811     0.00000
   -13.07811     0.00000
   -13.06812     0.00000
   -13.05812     0.00000
   -13.04813     0.00000
   -13.03813     0.00000
   -13.02814     0.00000
   -13.01814     0.00000
   -13.00815     0.00000
   -12.99815     0.00000
   -12.98816     0.00000
   -12.97816     0.00000
   -12.96817     0.00000
   -12.95817     0.00000
   -12.94818     0.00000
   -12.93818     0.00000
   -12.92819     0.00000
   -12.91819     0.00000
   -12.90820     0.00000
   -12.89820     0.00000
   -12.88821     0.00000
   -12.87821     0.00000
   -12.86822     0.00000
   -12.85822     0.00000
   -12.84823     0.00000
   -12.83823     0.00000
   -12.82824     0.00000
   -12.81824     0.00000
   -12.80825     0.00000
   -12.79825     0.00000
   -12.78826     0.00000
   -12.77826     0.00000
   -12.76827     0.00000
   -12.75827     0.00000
   -12.74828     0.00000
   -12.73828     0.00000
   -12.72829     0.00000
   -12.71829     0.00000
   -12.70830     0.00000
   -12.69830     0.00000
   -12.68831     0.00000
   -12.67831     0.00000
   -12.66832     0.00000
   -12.65832     0.00000
   -12.64833     0.00000
   -12.63833     0.00000
   -12.62834     0.00000
   -12.61834     0.00000
   -12.60835     0.00000
   -12.59835     0.00000
   -12.58836     0.00000
   -12.57836     0.00000
   -12.56837     0.00000
   -12.55837     0.00000
   -12.54838     0.00000
   -12.53838     0.00000
   -12.52839     0.00000
   -12.51839     0.00000
   -12.50840     0.00000
   -12.49840     0.00000
   -12.48841     0.00000
   -12.47841     0.00000
   -12.46842     0.00000
   -12.45842     0.00000
   -12.44843     0.00000
   -12.43843     0.00000
   -12.42844     0.00000
   -12.41844     0.00000
   -12.40845     0.00000
   -12.39845     0.00000
   -12.38846     0.00000
   -12.37846     0.00000
   -12.36847     0.00000
   -12.35847     0.00000
   -12.34848     0.00000
   -12.33848     0.00000
   -12.32849     0.00000
   -12.31849     0.00000
   -12.30850     0.00000
   -12.29850     0.00000
   -12.28851     0.00000
   -12.27851     0.00000
   -12.26852     0.00000
   -12.25852     0.00000
   -12.24853     0.00000
   -12.23853     0.00000
   -12.22854     0.00000
   -12.21854     0.00000
   -12.20855     0.00000
   -12.19855     0.00000
   -12.18856     0.00000
   -12.17856     0.00000
   -12.16857     0.00000
   -12.15857     0.00000
   -12.14858     0.00000
   -12.13858     0.00000
   -12.12859     0.00000
   -12.11859     0.00000
   -12.10860     0.00000
   -12.09860     0.00000
   -12.08861     0.00000
   -12.07861     0.00000
   -12.06862     0.00000
   -12.05862     0.00000
   -12.04863     0.00000
   -12.03863     0.00000
   -12.02864     0.00000
   -12.01864     0.00000
   -12.00865     0.00000
   -11.99865     0.00000
   -11.98866     0.00000
   -11.97866     0.00000
   -11.96867     0.00000
   -11.95867     0.00000
   -11.94868     0.00000
   -11.93868     0.00000
   -11.92869     0.00000
   -11.91869     0.00000
   -11.90870     0.00000
   -11.89870     0.00000
   -11.88871     0.00000
   -11.87871     0.00000
   -11.86872     0.00000
   -11.85872     0.00000
   -11.84873     0.00000
   -11.83873     0.00000
   -11.82874     0.00000
   -11.81874     0.00000
   -11.80875     0.00000
   -11.79875     0.00000
   -11.78876     0.00000
   -11.77876     0.00000
   -11.76877     0.00000
   -11.75877     0.00000
   -11.74878     0.00000
   -11.73878     0.00000
   -11.72879     0.00000
   -11.71879     0.00000
   -11.70880     0.00000
   -11.69880     0.00000
   -11.68881     0.00000
   -11.67881     0.00000
   -11.66882     0.00000
   -11.65882     0.00000
   -11.64883     0.00000
   -11.63883     0.00000
   -11.62884     0.00000
   -11.61884     0.00000
   -11.60885     0.00000
   -11.59885     0.00000
   -11.58886     0.00000
   -11.57886     0.00000
   -11.56887     0.00000
   -11.55887     0.00000
   -11.54888     0.00000
   -11.53888     0.00000
   -11.52889     0.00000
   -11.51889     0.00000
   -11.50890     0.00000
   -11.49890     0.00000
   -11.48891     0.00000
   -11.47891     0.00000
   -11.46892     0.00000
   -11.45892     0.00000
   -11.44893     0.00000
   -11.43893     0.00000
   -11.42894     0.00000
   -11.41894     0.00000
   -11.40895     0.00000
   -11.39895     0.00000
   -11.38896     0.00000
   -11.37896     0.00000
   -11.36897     0.00000
   -11.35897     0.00000
   -11.34898     0.00000
   -11.33898     0.00000
   -11.32899     0.00000
   -11.31899     0.00000
   -11.30900     0.00000
   -11.29900     0.00000
   -11.28901     0.00000
   -11.27901     0.00000
   -11.26902     0.00000
   -11.25902     0.00000
   -11.24903     0.00000
   -11.23903     0.00000
   -11.22904     0.00000
   -11.21904     0.00000
   -11.20905     0.00000
   -11.19905     0.00000
   -11.18906     0.00000
   -11.17906     0.00000
   -11.16907     0.00000
   -11.15907     0.00000
   -11.14908     0.00000
   -11.13908     0.00000
   -11.12909     0.00000
   -11.11909     0.00000
   -11.10910     0.00000
   -11.09910     0.00000
   -11.08911     0.00000
   -11.07911     0.00000
   -11.06912     0.00000
   -11.05912     0.00000
   -11.04913     0.00000
   -11.03913     0.00000
   -11.02914     0.00000
   -11.01914     0.00000
   -11.00915     0.00000
   -10.99915     0.00000
   -10.98916     0.00000
   -10.97916     0.00000
   -10.96917     0.00000
   -10.95917     0.00000
   -10.94918     0.00000
   -10.93918     0.00000
   -10.92919     0.00000
   -10.91919     0.00000
   -10.90920     0.00000
   -10.89920     0.00000
   -10.88921     0.00000
   -10.87921     0.00000
   -10.86922     0.00000
   -10.85922     0.00000
   -10.84923     0.00000
   -10.83923     0.00000
   -10.82924     0.00000
   -10.81924     0.00000
   -10.80925     0.00000
   -10.79925     0.00000
   -10.78926     0.00000
   -10.77926     0.00000
   -10.76927     0.00000
   -10.75927     0.00000
   -10.74928     0.00000
   -10.73928     0.00000
   -10.72929     0.00000
   -10.71929     0.00000
   -10.70930     0.00000
   -10.69930     0.00000
   -10.68931     0.00000
   -10.67931     0.00000
   -10.66932     0.00000
   -10.65932     0.00000
   -10.64933     0.00000
   -10.63933     0.00000
   -10.62934     0.00000
   -10.61934     0.00000
   -10.60935     0.00000
   -10.59935     0.00000
   -10.58936     0.00000
   -10.57936     0.00000
   -10.56937     0.00000
   -10.55937     0.00000
   -10.54938     0.00000
   -10.53938     0.00000
   -10.52939     0.00000
   -10.51939     0.00000
   -10.50940     0.00000
   -10.49940     0.00000
   -10.48941     0.00000
   -10.47941     0.00000
   -10.46942     0.00000
   -10.45942     0.00000
   -10.44943     0.00000
   -10.43943     0.00000
   -10.42944     0.00000
   -10.41944     0.00000
   -10.40945     0.00000
   -10.39945     0.00000
   -10.38946     0.00000
   -10.37946     0.00000
   -10.36947     0.00000
   -10.35947     0.00000
   -10.34948     0.00000
   -10.33948     0.00000
   -10.32949     0.00000
   -10.31949     0.00000
   -10.30950     0.00000
   -10.29950     0.00000
   -10.28951     0.00000
   -10.27951     0.00000
   -10.26952     0.00000
   -10.25952     0.00000
   -10.24953     0.00000
   -10.23953     0.00000
   -10.22954     0.00000
   -10.21954     0.00000
   -10.20955     0.00000
   -10.19955     0.00000
   -10.18956     0.00000
   -10.17956     0.00000
   -10.16957     0.00000
   -10.15957     0.00000
   -10.14958     0.00000
   -10.13958     0.00000
   -10.12959     0.00000
   -10.11959     0.00000
   -10.10960     0.00000
   -10.09960     0.00000
   -10.08961     0.00000
   -10.07961     0.00000
   -10.06962     0.00000
   -10.05962     0.00000
   -10.04963     0.00000
   -10.03963     0.00000
   -10.02964     0.00000
   -10.01964     0.00000
   -10.00965     0.00000
    -9.99965     0.00000
    -9.98966     0.00000
    -9.97966     0.00000
    -9.96967     0.00000
    -9.95967     0.00000
    -9.94968     0.00000
    -9.93968     0.00000
    -9.92969     0.00000
    -9.91969     0.00000
    -9.90970     0.00000
    -9.89970     0.00000
    -9.88971     0.00000
    -9.87971     0.00000
    -9.86972     0.00000
    -9.85972     0.00000
    -9.84973     0.00000
    -9.83973     0.00000
    -9.82974     0.00000
    -9.81974     0.00000
    -9.80975     0.00000
    -9.79975     0.00000
    -9.78976     0.00000
    -9.77976     0.00000
    -9.76977     0.00000
    -9.75977     0.00000
    -9.74978     0.00000
    -9.73978     0.00000
    -9.72979     0.00000
    -9.71979     0.00000
    -9.70980     0.00000
    -9.69980     0.00000
    -9.68981     0.00000
    -9.67981     0.00000
    -9.66982     0.00000
    -9.65982     0.00000
    -9.64983     0.00000
    -9.63983     0.00000
    -9.62984     0.00000
    -9.61984     0.00000
    -9.60985     0.00000
    -9.59985     0.00000
    -9.58986     0.00000
    -9.57986     0.00000
    -9.56987     0.00000
    -9.55987     0.00000
    -9.54988     0.00000
    -9.53988     0.00000
    -9.52989     0.00000
    -9.51989     0.00000
    -9.50990     0.00000
    -9.49990     0.00000
    -9.48991     0.00000
    -9.47991     0.00000
    -9.46992     0.00000
    -9.45992     0.00000
    -9.44993     0.00000
    -9.43993     0.00000
    -9.42994     0.00000
    -9.41994     0.00000
    -9.40995     0.00000
    -9.39995     0.00000
    -9.38996     0.00000
    -9.37996     0.00000
    -9.36997     0.00000
    -9.35997     0.00000
    -9.34998     0.00000
    -9.33998     0.00000
    -9.32999     0.00000
    -9.31999     0.00000
    -9.31000     0.00000
    -9.30000     0.00000
    -9.29001     0.00000
    -9.28001     0.00000
    -9.27002     0.00000
    -9.26002     0.00000
    -9.25003     0.00000
    -9.24003     0.00000
    -9.23004     0.00000
    -9.22004     0.00000
    -9.21005     0.00000
    -9.20005     0.00000
    -9.19006     0.00000
    -9.18006     0.00000
    -9.17007     0.00000
    -9.16007     0.00000
    -9.15008     0.00000
    -9.14008     0.00000
    -9.13009     0.00000
    -9.12009     0.00000
    -9.11010     0.00000
    -9.10010     0.00000
    -9.09011     0.00000
    -9.08011     0.00000
    -9.07012     0.00000
    -9.06012     0.00000
    -9.05013     0.00000
    -9.04013     0.00000
    -9.03014     0.00000
    -9.02014     0.00000
    -9.01015     0.00000
    -9.00015     0.00000
    -8.99016     0.00000
    -8.98016     0.00000
    -8.97017     0.00000
    -8.96017     0.00000
    -8.95018     0.00000
    -8.94018     0.00000
    -8.93019     0.00000
    -8.92019     0.00000
    -8.91020     0.00000
    -8.90020     0.00000
    -8.89021     0.00000
    -8.88021     0.00000
    -8.87022     0.00000
    -8.86022     0.00000
    -8.85023     0.00000
    -8.84023     0.00000
    -8.83024     0.00000
    -8.82024     0.00000
    -8.81025     0.00000
    -8.80025     0.00000
    -8.79026     0.00000
    -8.78026     0.00000
    -8.77027     0.00000
    -8.76027     0.00000
    -8.75028    31.47548
    -8.74028    56.87873
    -8.73029    42.52082
    -8.72029    39.05313
    -8.71030    36.22454
    -8.70030    33.65468
    -8.69031    30.00451
    -8.68031    25.06068
    -8.67032    21.06282
    -8.66032    16.12439
    -8.65033    12.30457
    -8.64033     9.54459
    -8.63034     7.64357
    -8.62034     6.82383
    -8.61035    16.99640
    -8.60035    27.50622
    -8.59036    63.66534
    -8.58036    70.23781
    -8.57037    46.36645
    -8.56037    65.58618
    -8.55038    75.76920
    -8.54038    42.84037
    -8.53039    17.68697
    -8.52039    30.93966
    -8.51040    84.74915
    -8.50040   103.77986
    -8.49041    93.61062
    -8.48041    72.16357
    -8.47042    47.63695
    -8.46042    53.38708
    -8.45043   100.56779
    -8.44043   296.50253
    -8.43044   137.83484
    -8.42044   210.32995
    -8.41045    89.24569
    -8.40045     0.00000
    -8.39046     0.00000
    -8.38046     0.00000
    -8.37047     0.00000
    -8.36047     0.00000
    -8.35048     0.00000
    -8.34048     0.00000
    -8.33049     0.00000
    -8.32049     0.00000
    -8.31050     0.00000
    -8.30050     0.00000
    -8.29051     0.00000
    -8.28051     0.00000
    -8.27052     0.00000
    -8.26052     0.00000
    -8.25053     0.00000
    -8.24053     0.00000
    -8.23054     0.00000
    -8.22054     0.00000
    -8.21055     0.00000
    -8.20055     0.00000
    -8.19056     0.00000
    -8.18056     0.00000
    -8.17057     0.00000
    -8.16057     0.00000
    -8.15058     0.00000
    -8.14058     0.00000
    -8.13059     0.00000
    -8.12059     0.00000
    -8.11060     0.00000
    -8.10060     0.00000
    -8.09061     0.00000
    -8.08061     0.00000
    -8.07062     0.00000
    -8.06062     0.00000
    -8.05063     0.00000
    -8.04063     0.00000
    -8.03064     0.00000
    -8.02064     0.00000
    -8.01065     0.00000
    -8.00065     0.00000
    -7.99066     0.00000
    -7.98066     0.00050
    -7.97067     0.00196
    -7.96067     0.00436
    -7.95068     0.00770
    -7.94068     0.01200
    -7.93069     0.01725
    -7.92069     0.02344
    -7.91070     0.03058
    -7.90070     0.03867
    -7.89071     0.04771
    -7.88071     0.05770
    -7.87072     0.06863
    -7.86072     0.08052
    -7.85073     0.09335
    -7.84073     0.10713
    -7.83074     0.12186
    -7.82074     0.13753
    -7.81075     0.15416
    -7.80075     0.17173
    -7.79076     0.19025
    -7.78076     0.20972
    -7.77077     0.23014
    -7.76077     0.25151
    -7.75078     0.27382
    -7.74078     0.30456
    -7.73079     0.32060
    -7.72079     0.33588
    -7.71080     0.35089
    -7.70080     0.36664
    -7.69081     0.38320
    -7.68081     0.40057
    -7.67082     0.41875
    -7.66082     0.43774
    -7.65083     0.45755
    -7.64083     0.47816
    -7.63084     0.49959
    -7.62084     0.52183
    -7.61085     0.54483
    -7.60085     0.56635
    -7.59086     0.58592
    -7.58086     0.61183
    -7.57087     0.63601
    -7.56087     0.65633
    -7.55088     0.67834
    -7.54088     0.70226
    -7.53089     0.72798
    -7.52089     0.74944
    -7.51090     0.76729
    -7.50090     0.78429
    -7.49091     0.80159
    -7.48091     0.82011
    -7.47092     0.84028
    -7.46092     0.86234
    -7.45093     0.88632
    -7.44093     0.91222
    -7.43094     0.94084
    -7.42094     0.97508
    -7.41095     1.02413
    -7.40095     1.08887
    -7.39096     1.16931
    -7.38096     1.26545
    -7.37097     1.37728
    -7.36097     1.50480
    -7.35098     1.64802
    -7.34098     1.80703
    -7.33099     1.98227
    -7.32099     2.17366
    -7.31100     2.30094
    -7.30100     2.34599
    -7.29101     2.50299
    -7.28101     2.61983
    -7.27102     2.71702
    -7.26102     2.80122
    -7.25103     2.88845
    -7.24103     2.98629
    -7.23104     3.09647
    -7.22104     3.21848
    -7.21105     3.33875
    -7.20105     3.48537
    -7.19106     3.65464
    -7.18106     3.69716
    -7.17107     3.67284
    -7.16107     3.86323
    -7.15108     3.99090
    -7.14108     4.14742
    -7.13109     4.33759
    -7.12109     4.56253
    -7.11110     4.82281
    -7.10110     5.11843
    -7.09111     5.44939
    -7.08111     5.81586
    -7.07112     6.22933
    -7.06112     6.69456
    -7.05113     7.18030
    -7.04113     7.46124
    -7.03114     7.48409
    -7.02114     7.39594
    -7.01115     7.33258
    -7.00115     7.18372
    -6.99116     6.96275
    -6.98116     6.71596
    -6.97117     6.56863
    -6.96117     6.52229
    -6.95118     6.48295
    -6.94118     6.43904
    -6.93119     6.42141
    -6.92119     6.45480
    -6.91120     6.47380
    -6.90120     6.34509
    -6.89121     6.34829
    -6.88121     6.35552
    -6.87122     6.28115
    -6.86122     6.28463
    -6.85123     6.37958
    -6.84123     6.42606
    -6.83124     6.55758
    -6.82124     6.60092
    -6.81125     6.66745
    -6.80125     6.78173
    -6.79126     6.90402
    -6.78126     7.01417
    -6.77127     7.12119
    -6.76127     7.17824
    -6.75128     7.18765
    -6.74128     7.32386
    -6.73129     7.47931
    -6.72129     7.68821
    -6.71130     7.94445
    -6.70130     8.52439
    -6.69131     9.09386
    -6.68131     9.55823
    -6.67132     9.97393
    -6.66132    10.21063
    -6.65133    10.16049
    -6.64133     9.83044
    -6.63134     9.43489
    -6.62134     8.80512
    -6.61135     8.14362
    -6.60135     7.62289
    -6.59136     7.26236
    -6.58136     6.97805
    -6.57137     6.77573
    -6.56137     6.65345
    -6.55138     6.56156
    -6.54138     6.43798
    -6.53139     6.28674
    -6.52139     6.13715
    -6.51140     6.00461
    -6.50140     5.88872
    -6.49141     5.78947
    -6.48141     5.70619
    -6.47142     5.63519
    -6.46142     5.57757
    -6.45143     5.52653
    -6.44143     5.48503
    -6.43144     5.46915
    -6.42144     5.46008
    -6.41145     5.45385
    -6.40145     5.45639
    -6.39146     5.45843
    -6.38146     5.45589
    -6.37147     5.35650
    -6.36147     5.28439
    -6.35148     5.17529
    -6.34148     5.09053
    -6.33149     5.03100
    -6.32149     4.87757
    -6.31150     4.75209
    -6.30150     4.71357
    -6.29151     4.60398
    -6.28151     4.52261
    -6.27152     4.47101
    -6.26152     4.44186
    -6.25153     4.46956
    -6.24153     4.50132
    -6.23154     4.53141
    -6.22154     4.55746
    -6.21155     4.57947
    -6.20155     4.59508
    -6.19156     4.60264
    -6.18156     4.60230
    -6.17157     4.59299
    -6.16157     4.57680
    -6.15158     4.54868
    -6.14158     4.50929
    -6.13159     4.49235
    -6.12159     4.49610
    -6.11160     4.48174
    -6.10160     4.44758
    -6.09161     4.39625
    -6.08161     4.34025
    -6.07162     4.28052
    -6.06162     4.21003
    -6.05163     4.12681
    -6.04163     4.04649
    -6.03164     4.00612
    -6.02164     3.97150
    -6.01165     3.93387
    -6.00165     3.89362
    -5.99166     3.85105
    -5.98166     3.80604
    -5.97167     3.81455
    -5.96167     3.80995
    -5.95168     3.80191
    -5.94168     3.80173
    -5.93169     3.80711
    -5.92169     3.82550
    -5.91170     3.86342
    -5.90170     3.92449
    -5.89171     4.01501
    -5.88171     4.13937
    -5.87172     4.28813
    -5.86172     4.44583
    -5.85173     4.55999
    -5.84173     4.69107
    -5.83174     4.83906
    -5.82174     5.01624
    -5.81175     5.13009
    -5.80175     4.90237
    -5.79176     5.11385
    -5.78176     5.12112
    -5.77177     5.10080
    -5.76177     5.03918
    -5.75178     4.97232
    -5.74178     4.85825
    -5.73179     5.21161
    -5.72179     5.48775
    -5.71180     5.36130
    -5.70180     5.16226
    -5.69181     5.00232
    -5.68181     4.87282
    -5.67182     4.78252
    -5.66182     4.77083
    -5.65183     4.75577
    -5.64183     4.67221
    -5.63184     4.64132
    -5.62184     4.76459
    -5.61185     4.95668
    -5.60185     5.08069
    -5.59186     5.06980
    -5.58186     5.11030
    -5.57187     5.25284
    -5.56187     5.45894
    -5.55188     5.74391
    -5.54188     5.99996
    -5.53189     6.22705
    -5.52189     6.41849
    -5.51190     6.57439
    -5.50190     6.69682
    -5.49191     6.79309
    -5.48191     6.86517
    -5.47192     6.91473
    -5.46192     6.94780
    -5.45193     6.96641
    -5.44193     6.97596
    -5.43194     7.00102
    -5.42194     7.01126
    -5.41195     7.00910
    -5.40195     7.05684
    -5.39196     7.15884
    -5.38196     7.20047
    -5.37197     7.25556
    -5.36197     7.32731
    -5.35198     7.44048
    -5.34198     7.63419
    -5.33199     7.93554
    -5.32199     8.28986
    -5.31200     8.64219
    -5.30200     8.90843
    -5.29201     9.07489
    -5.28201     9.15371
    -5.27202     9.16227
    -5.26202     9.14738
    -5.25203     9.11324
    -5.24203     9.05529
    -5.23204     8.97327
    -5.22204     8.86716
    -5.21205     8.73697
    -5.20205     8.58270
    -5.19206     8.40436
    -5.18206     8.20193
    -5.17207     7.97542
    -5.16207     7.80158
    -5.15208     7.67553
    -5.14208     7.41109
    -5.13209     6.61302
    -5.12209     5.08998
    -5.11210     4.67742
    -5.10210     4.50533
    -5.09211     4.28293
    -5.08211     4.00362
    -5.07212     3.82476
    -5.06212     3.65640
    -5.05213     4.40236
    -5.04213     4.27699
    -5.03214     4.10126
    -5.02214     4.28694
    -5.01215     4.63294
    -5.00215     4.67443
    -4.99216     4.64830
    -4.98216     4.63394
    -4.97217     4.62501
    -4.96217     4.62430
    -4.95218     4.63244
    -4.94218     4.64943
    -4.93219     4.67419
    -4.92219     4.69721
    -4.91220     4.71757
    -4.90220     4.73155
    -4.89221     4.74830
    -4.88221     4.77661
    -4.87222     4.81815
    -4.86222     4.87456
    -4.85223     4.94826
    -4.84223     5.04643
    -4.83224     5.19672
    -4.82224     5.40909
    -4.81225     5.67082
    -4.80225     6.10539
    -4.79226     6.29970
    -4.78226     6.45400
    -4.77227     6.85530
    -4.76227     7.25042
    -4.75228     7.61290
    -4.74228     7.88312
    -4.73229     8.05031
    -4.72229     8.10144
    -4.71230     8.01866
    -4.70230     7.88212
    -4.69231     7.76464
    -4.68231     7.69057
    -4.67232     7.73818
    -4.66232     7.68127
    -4.65233     7.59538
    -4.64233     7.48058
    -4.63234     7.29282
    -4.62234     7.09418
    -4.61235     6.79817
    -4.60235     6.25974
    -4.59236     5.75862
    -4.58236     5.68940
    -4.57237     5.50319
    -4.56237     5.36936
    -4.55238     5.32863
    -4.54238     5.30871
    -4.53239     5.29392
    -4.52239     5.27497
    -4.51240     5.25318
    -4.50240     5.25958
    -4.49241     5.22903
    -4.48241     5.20893
    -4.47242     5.07505
    -4.46242     5.02892
    -4.45243     5.04324
    -4.44243     5.01201
    -4.43244     4.96135
    -4.42244     4.90974
    -4.41245     4.86724
    -4.40245     4.82665
    -4.39246     4.78501
    -4.38246     4.74270
    -4.37247     4.69973
    -4.36247     4.65752
    -4.35248     4.61920
    -4.34248     4.58756
    -4.33249     6.17344
    -4.32249     7.93545
    -4.31250     7.22692
    -4.30250     7.14021
    -4.29251     7.13487
    -4.28251     6.48508
    -4.27252     6.05986
    -4.26252     6.13390
    -4.25253     6.23730
    -4.24253     6.15006
    -4.23254     6.48847
    -4.22254     6.59334
    -4.21255     6.68381
    -4.20255     6.72973
    -4.19256     6.73681
    -4.18256     6.74840
    -4.17257     6.76969
    -4.16257     6.80362
    -4.15258     6.84743
    -4.14258     6.89943
    -4.13259     6.95793
    -4.12259     7.02566
    -4.11260     7.10824
    -4.10260     7.21642
    -4.09261     7.39456
    -4.08261     7.56186
    -4.07262     7.27128
    -4.06262     7.43166
    -4.05263     7.58973
    -4.04263     7.71867
    -4.03264     7.80615
    -4.02264     7.85486
    -4.01265     7.86451
    -4.00265     7.83475
    -3.99266     7.72548
    -3.98266     7.42872
    -3.97267     7.36494
    -3.96267     7.48678
    -3.95268     7.64600
    -3.94268     7.87950
    -3.93269     7.84445
    -3.92269     7.74660
    -3.91270     7.29060
    -3.90270     7.25235
    -3.89271     7.25907
    -3.88271     7.48973
    -3.87272     7.53340
    -3.86272     7.57173
    -3.85273     7.60546
    -3.84273     7.63262
    -3.83274     7.65321
    -3.82274     7.66724
    -3.81275     7.67469
    -3.80275     7.66982
    -3.79276     7.64822
    -3.78276     7.67498
    -3.77277     7.58744
    -3.76277     7.59614
    -3.75278     7.68225
    -3.74278     7.79396
    -3.73279     7.91918
    -3.72279     8.16925
    -3.71280     8.45419
    -3.70280     8.79972
    -3.69281     9.17530
    -3.68281     9.54810
    -3.67282     9.05633
    -3.66282     7.84270
    -3.65283    11.32274
    -3.64283    12.90573
    -3.63284    10.32661
    -3.62284     8.09174
    -3.61285     7.06319
    -3.60285     6.88213
    -3.59286     7.00757
    -3.58286     7.08521
    -3.57287     7.14563
    -3.56287     7.18972
    -3.55288     7.21749
    -3.54288     7.22910
    -3.53289     7.22435
    -3.52289     7.20303
    -3.51290     7.16515
    -3.50290     7.11070
    -3.49291     7.03968
    -3.48291     6.95154
    -3.47292     6.84563
    -3.46292     6.71795
    -3.45293     6.67492
    -3.44293     7.20082
    -3.43294     7.09946
    -3.42294     6.91185
    -3.41295     6.80376
    -3.40295     7.66628
    -3.39296     7.12586
    -3.38296     6.37867
    -3.37297     5.96047
    -3.36297     5.74821
    -3.35298     5.55546
    -3.34298     5.37490
    -3.33299     5.16084
    -3.32299     4.89050
    -3.31300     4.79167
    -3.30300     4.78078
    -3.29301     4.77148
    -3.28301     4.76198
    -3.27302     4.75178
    -3.26302     4.74708
    -3.25303     4.75608
    -3.24303     4.78856
    -3.23304     4.83861
    -3.22304     4.90433
    -3.21305     4.99099
    -3.20305     5.10317
    -3.19306     5.24055
    -3.18306     5.40275
    -3.17307     5.58946
    -3.16307     5.80020
    -3.15308     6.03276
    -3.14308     6.44191
    -3.13309     6.80419
    -3.12309     6.98949
    -3.11310     6.91986
    -3.10310     6.75824
    -3.09311     6.65591
    -3.08311     6.56457
    -3.07312     6.49234
    -3.06312     6.43476
    -3.05313     6.38404
    -3.04313     6.31807
    -3.03314     6.41019
    -3.02314     6.44981
    -3.01315     6.50776
    -3.00315     6.65064
    -2.99316     6.87405
    -2.98316     7.45847
    -2.97317     9.51672
    -2.96317    10.46758
    -2.95318     8.34050
    -2.94318     8.13907
    -2.93319     7.89515
    -2.92319     7.44101
    -2.91320     6.77762
    -2.90320     5.98107
    -2.89321     5.56238
    -2.88321     5.69946
    -2.87322     5.90041
    -2.86322     6.10971
    -2.85323     6.21654
    -2.84323     6.29024
    -2.83324     6.36345
    -2.82324     6.45653
    -2.81325     6.55819
    -2.80325     6.72421
    -2.79326     6.99409
    -2.78326     7.49760
    -2.77327     8.40627
    -2.76327     9.51261
    -2.75328    10.69951
    -2.74328    12.12334
    -2.73329    13.68133
    -2.72329    15.10697
    -2.71330    16.09721
    -2.70330    16.26013
    -2.69331    15.49023
    -2.68331    14.25653
    -2.67332    13.91298
    -2.66332    12.16029
    -2.65333    11.12242
    -2.64333    11.52550
    -2.63334    11.48516
    -2.62334    10.97583
    -2.61335    10.08656
    -2.60335     9.36530
    -2.59336     8.96111
    -2.58336     8.56855
    -2.57337     8.09936
    -2.56337     7.69039
    -2.55338     7.75364
    -2.54338     8.11540
    -2.53339     8.61649
    -2.52339    11.42405
    -2.51340    12.73914
    -2.50340    14.95387
    -2.49341    17.32263
    -2.48341    19.31937
    -2.47342    20.42603
    -2.46342    20.90513
    -2.45343    18.10778
    -2.44343    16.26118
    -2.43344    15.41447
    -2.42344    14.99829
    -2.41345    14.08772
    -2.40345    13.33277
    -2.39346    14.09825
    -2.38346    11.52526
    -2.37347    10.39803
    -2.36347     9.88873
    -2.35348     9.66624
    -2.34348     9.30570
    -2.33349     9.05992
    -2.32349     9.36931
    -2.31350     9.93990
    -2.30350    10.57464
    -2.29351    11.22073
    -2.28351    11.88478
    -2.27352    12.34146
    -2.26352    12.29549
    -2.25353    11.52427
    -2.24353    10.08497
    -2.23354     8.41379
    -2.22354     7.43953
    -2.21355     7.27993
    -2.20355     7.20030
    -2.19356     7.08187
    -2.18356     6.98748
    -2.17357     7.62421
    -2.16357     8.54269
    -2.15358     8.92476
    -2.14358     8.81428
    -2.13359     8.57950
    -2.12359     8.34845
    -2.11360     8.36753
    -2.10360     8.53144
    -2.09361     8.88995
    -2.08361     9.59382
    -2.07362    10.19127
    -2.06362    10.56352
    -2.05363    10.70286
    -2.04363    10.60808
    -2.03364    10.35619
    -2.02364    10.29177
    -2.01365    10.38438
    -2.00365    10.41609
    -1.99366    10.50983
    -1.98366    10.44546
    -1.97367    10.29580
    -1.96367    10.29852
    -1.95368    10.36406
    -1.94368    10.37776
    -1.93369    10.35708
    -1.92369    10.35244
    -1.91370    10.39208
    -1.90370    10.45777
    -1.89371    10.58535
    -1.88371    10.75789
    -1.87372    11.00622
    -1.86372    11.15151
    -1.85373    11.21708
    -1.84373    11.09192
    -1.83374    11.06492
    -1.82374    12.40810
    -1.81375    13.90978
    -1.80375    15.17789
    -1.79376    15.43139
    -1.78376    14.57316
    -1.77377    13.96953
    -1.76377    13.84985
    -1.75378    13.34951
    -1.74378    13.19850
    -1.73379    12.76463
    -1.72379    12.63193
    -1.71380    12.28851
    -1.70380    11.93585
    -1.69381    11.49749
    -1.68381    11.21536
    -1.67382    10.94786
    -1.66382    10.69880
    -1.65383    10.27702
    -1.64383     9.91589
    -1.63384     9.62040
    -1.62384     9.38992
    -1.61385     9.07494
    -1.60385     8.97566
    -1.59386     8.88524
    -1.58386     8.89820
    -1.57387     8.99057
    -1.56387     9.15958
    -1.55388     9.40536
    -1.54388    10.10078
    -1.53389    10.63393
    -1.52389    10.87162
    -1.51390    10.85145
    -1.50390    10.72718
    -1.49391    10.82207
    -1.48391    11.10273
    -1.47392    11.44327
    -1.46392    11.83485
    -1.45393    12.27948
    -1.44393    12.75932
    -1.43394    13.27358
    -1.42394    13.82225
    -1.41395    14.20792
    -1.40395    14.56030
    -1.39396    14.86694
    -1.38396    14.94882
    -1.37397    14.92373
    -1.36397    14.73820
    -1.35398    14.57307
    -1.34398    14.31087
    -1.33399    13.76428
    -1.32399    12.99894
    -1.31400    12.17483
    -1.30400    11.27473
    -1.29401    10.30606
    -1.28401     9.32995
    -1.27402     7.86946
    -1.26402     6.67741
    -1.25403     6.61453
    -1.24403     6.69512
    -1.23404     6.79011
    -1.22404     6.93106
    -1.21405     7.13890
    -1.20405     7.40232
    -1.19406     7.72192
    -1.18406     8.08700
    -1.17407     7.81294
    -1.16407     8.73322
    -1.15408     8.02841
    -1.14408     7.61497
    -1.13409     7.33880
    -1.12409     7.18280
    -1.11410     7.14638
    -1.10410     7.22329
    -1.09411     7.36150
    -1.08411     7.48252
    -1.07412     7.32146
    -1.06412     7.07788
    -1.05413     6.78560
    -1.04413     6.44523
    -1.03414     6.09108
    -1.02414     5.76475
    -1.01415     5.47958
    -1.00415     5.21008
    -0.99416     4.95549
    -0.98416     4.71575
    -0.97417     4.48902
    -0.96417     4.27351
    -0.95418     4.06488
    -0.94418     3.87663
    -0.93419     3.69189
    -0.92419     3.49911
    -0.91420     3.30631
    -0.90420     3.13017
    -0.89421     2.42004
    -0.88421     1.78131
    -0.87422     0.63137
    -0.86422     0.34094
    -0.85423     0.14312
    -0.84423     0.03777
    -0.83424     0.00371
    -0.82424     0.00029
    -0.81425     0.00000
    -0.80425     0.00000
    -0.79426     0.00000
    -0.78426     0.00000
    -0.77427     0.00000
    -0.76427     0.00000
    -0.75428     0.00000
    -0.74428     0.00000
    -0.73429     0.00000
    -0.72429     0.00000
    -0.71430     0.00000
    -0.70430     0.00000
    -0.69431     0.00000
    -0.68431     0.00000
    -0.67432     0.00000
    -0.66432     0.00000
    -0.65433     0.00000
    -0.64433     0.00000
    -0.63434     0.00000
    -0.62434     0.00000
    -0.61435     0.00000
    -0.60435     0.00000
    -0.59436     0.00000
    -0.58436     0.00000
    -0.57437     0.00000
    -0.56437     0.00000
    -0.55438     0.00000
    -0.54438     0.00000
    -0.53439     0.00000
    -0.52439     0.00000
    -0.51440     0.00000
    -0.50440     0.00000
    -0.49441     0.00000
    -0.48441     0.00000
    -0.47442     0.00000
    -0.46442     0.00000
    -0.45443     0.00000
    -0.44443     0.00000
    -0.43444     0.00000
    -0.42444     0.00000
    -0.41445     0.00000
    -0.40445     0.00000
    -0.39446     0.00000
    -0.38446     0.00000
    -0.37447     0.00000
    -0.36447     0.00000
    -0.35448     0.00000
    -0.34448     0.00000
    -0.33449     0.00000
    -0.32449     0.00000
    -0.31450     0.00000
    -0.30450     0.00000
    -0.29451     0.00000
    -0.28451     0.00000
    -0.27452     0.00000
    -0.26452     0.00000
    -0.25453     0.00000
    -0.24453     0.00000
    -0.23454     0.00000
    -0.22454     0.00000
    -0.21455     0.00000
    -0.20455     0.00000
    -0.19456     0.00000
    -0.18456     0.00000
    -0.17457     0.00000
    -0.16457     0.00000
    -0.15458     0.00000
    -0.14458     0.00000
    -0.13459     0.00000
    -0.12459     0.00000
    -0.11460     0.00000
    -0.10460     0.00000
    -0.09461     0.00000
    -0.08461     0.00000
    -0.07462     0.00000
    -0.06462     0.00000
    -0.05463     0.00000
    -0.04463     0.00000
    -0.03464     0.00000
    -0.02464     0.00000
    -0.01465     0.00000
    -0.00465     0.00000
     0.00534     0.00000
     0.01534     0.00000
     0.02533     0.00000
     0.03533     0.00000
     0.04532     0.00000
     0.05532     0.00000
     0.06531     0.00000
     0.07531     0.00000
     0.08530     0.00000
     0.09530     0.00000
     0.10529     0.00000
     0.11529     0.00000
     0.12528     0.00000
     0.13528     0.00000
     0.14527     0.00000
     0.15527     0.00000
     0.16526     0.00000
     0.17526     0.00000
     0.18525     0.00000
     0.19525     0.00000
     0.20524     0.00000
     0.21524     0.00000
     0.22523     0.00000
     0.23523     0.00000
     0.24522     0.00000
     0.25522     0.00000
     0.26521     0.00000
     0.27521     0.00000
     0.28520     0.00000
     0.29520     0.00000
     0.30519     0.00000
     0.31519     0.00000
     0.32518     0.00000
     0.33518     0.00000
     0.34517     0.00000
     0.35517     0.00000
     0.36516     0.00000
     0.37516     0.00000
     0.38515     0.00000
     0.39515     0.00000
     0.40514     0.00000
     0.41514     0.00000
     0.42513     0.00000
     0.43513     0.00000
     0.44512     0.00000
     0.45512     0.00000
     0.46511     0.00000
     0.47511     0.00000
     0.48510     0.00000
     0.49510     0.00000
     0.50509     0.00000
     0.51509     0.00000
     0.52508     0.00000
     0.53508     0.00000
     0.54507     0.00000
     0.55507     0.00000
     0.56506     0.00000
     0.57506     0.00000
     0.58505     0.00000
     0.59505     0.00000
     0.60504     0.00000
     0.61504     0.00000
     0.62503     0.00000
     0.63503     0.00000
     0.64502     0.00000
     0.65502     0.00000
     0.66501     0.00000
     0.67501     0.00000
     0.68500     0.00000
     0.69500     0.00000
     0.70499     0.00000
     0.71499     0.00000
     0.72498     0.00000
     0.73498     0.00000
     0.74497     0.00000
     0.75497     0.00000
     0.76496     0.00000
     0.77496     0.00000
     0.78495     0.00000
     0.79495     0.00000
     0.80494     0.00000
     0.81494     0.00000
     0.82493     0.00000
     0.83493     0.00000
     0.84492     0.00000
     0.85492     0.00000
     0.86491     0.00000
     0.87491     0.00000
     0.88490     0.00000
     0.89490     0.00000
     0.90489     0.00000
     0.91489     0.00000
     0.92488     0.00000
     0.93488     0.00000
     0.94487     0.00000
     0.95487     0.00000
     0.96486     0.00000
     0.97486     0.00000
     0.98485     0.00000
     0.99485     0.00000
     1.00484     0.00000
     1.01484     0.00000
     1.02483     0.00000
     1.03483     0.00000
     1.04482     0.00000
     1.05482     0.00000
     1.06481     0.00000
     1.07481     0.00000
     1.08480     0.00000
     1.09480     0.00000
     1.10479     0.00000
     1.11479     0.00000
     1.12478     0.00000
     1.13478     0.00000
     1.14477     0.00000
     1.15477     0.00000
     1.16476     0.00000
     1.17476     0.00000
     1.18475     0.00000
     1.19475     0.00000
     1.20474     0.00000
     1.21474     0.00000
     1.22473     0.00000
     1.23473     0.00000
     1.24472     0.00000
     1.25472     0.00000
     1.26471     0.00000
     1.27471     0.00000
     1.28470     0.00000
     1.29470     0.00000
     1.30469     0.00000
     1.31469     0.00000
     1.32468     0.00000
     1.33468     0.00000
     1.34467     0.00000
     1.35467     0.00000
     1.36466     0.00000
     1.37466     0.00000
     1.38465     0.00000
     1.39465     0.00000
     1.40464     0.00000
     1.41464     0.00000
     1.42463     0.00000
     1.43463     0.00000
     1.44462     0.00000
     1.45462     0.00000
     1.46461     0.00000
     1.47461     0.00000
     1.48460     0.00000
     1.49460     0.00000
     1.50459     0.00000
     1.51459     0.00000
     1.52458     0.00000
     1.53458     0.00000
     1.54457     0.00000
     1.55457     0.00000
     1.56456     0.00000
     1.57456     0.00000
     1.58455     0.00000
     1.59455     0.00000
     1.60454     0.00000
     1.61454     0.00000
     1.62453     0.00000
     1.63453     0.00000
     1.64452     0.00000
     1.65452     0.00000
     1.66451     0.00000
     1.67451     0.00000
     1.68450     0.00000
     1.69450     0.00000
     1.70449     0.00000
     1.71449     0.00000
     1.72448     0.00000
     1.73448     0.00000
     1.74447     0.00000
     1.75447     0.00000
     1.76446     0.00000
     1.77446     0.00000
     1.78445     0.00000
     1.79445     0.00000
     1.80444     0.00000
     1.81444     0.00000
     1.82443     0.00000
     1.83443     0.00000
     1.84442     0.00000
     1.85442     0.00000
     1.86441     0.00000
     1.87441     0.00000
     1.88440     0.00000
     1.89440     0.00000
     1.90439     0.00000
     1.91439     0.00000
     1.92438     0.00000
     1.93438     0.00000
     1.94437     0.00000
     1.95437     0.00000
     1.96436     0.00000
     1.97436     0.00000
     1.98435     0.00000
     1.99435     0.00000
     2.00434     0.00000
     2.01434     0.00000
     2.02433     0.00000
     2.03433     0.00000
     2.04432     0.00000
     2.05432     0.00000
     2.06431     0.00000
     2.07431     0.00000
     2.08430     0.00000
     2.09430     0.00000
     2.10429     0.00000
     2.11429     0.00000
     2.12428     0.00000
     2.13428     0.00000
     2.14427     0.00000
     2.15427     0.00000
     2.16426     0.00000
     2.17426     0.00000
     2.18425     0.00000
     2.19425     0.00000
     2.20424     0.00000
     2.21424     0.00000
     2.22423     0.00000
     2.23423     0.00000
     2.24422     0.00000
     2.25422     0.00000
     2.26421     0.00000
     2.27421     0.00000
     2.28420     0.00000
     2.29420     0.00000
     2.30419     0.00000
     2.31419     0.00000
     2.32418     0.00000
     2.33418     0.00000
     2.34417     0.00000
     2.35417     0.00000
     2.36416     0.00000
     2.37416     0.00000
     2.38415     0.00000
     2.39415     0.00000
     2.40414     0.00000
     2.41414     0.00000
     2.42413     0.00000
     2.43413     0.00000
     2.44412     0.00000
     2.45412     0.00000
     2.46411     0.00000
     2.47411     0.00000
     2.48410     0.00032
     2.49410     0.00141
     2.50409     0.00333
     2.51409     0.00607
     2.52408     0.01024
     2.53408     0.01740
     2.54407     0.02762
     2.55407     0.04091
     2.56406     0.05727
     2.57406     0.07670
     2.58405     0.09919
     2.59405     0.12475
     2.60404     0.15337
     2.61404     0.18507
     2.62403     0.21983
     2.63403     0.25765
     2.64402     0.29855
     2.65402     0.34251
     2.66401     0.38953
     2.67401     0.43963
     2.68400     0.49279
     2.69400     0.54901
     2.70399     0.60831
     2.71399     0.63792
     2.72398     0.63224
     2.73398     0.62924
     2.74397     0.62970
     2.75397     0.63401
     2.76396     0.64231
     2.77396     0.65497
     2.78395     0.68236
     2.79395     0.71930
     2.80394     0.73957
     2.81394     0.76030
     2.82393     0.76824
     2.83393     0.77709
     2.84392     0.78700
     2.85392     0.79823
     2.86391     0.81078
     2.87391     0.82466
     2.88390     0.83987
     2.89390     0.85641
     2.90389     0.87427
     2.91389     0.89346
     2.92388     0.91398
     2.93388     0.93583
     2.94387     0.95900
     2.95387     0.98350
     2.96386     1.00933
     2.97386     1.03649
     2.98385     1.06497
     2.99385     1.09423
     3.00384     1.12424
     3.01384     1.15487
     3.02383     1.18604
     3.03383     1.21840
     3.04382     1.25082
     3.05382     1.28331
     3.06381     1.31624
     3.07381     1.34942
     3.08380     1.38224
     3.09380     1.41535
     3.10379     1.44163
     3.11379     1.45902
     3.12378     1.50029
     3.13378     1.54339
     3.14377     1.57434
     3.15377     1.59972
     3.16376     1.62535
     3.17376     1.65123
     3.18375     1.67738
     3.19375     1.70378
     3.20374     1.73057
     3.21374     1.75800
     3.22373     1.78610
     3.23373     1.81484
     3.24373     1.84424
     3.25372     1.87430
     3.26372     1.90473
     3.27371     1.83925
     3.28371     1.94585
     3.29370     1.92042
     3.30370     1.92686
     3.31369     1.94151
     3.32369     1.95647
     3.33368     1.97424
     3.34368     1.99479
     3.35367     2.01945
     3.36367     2.03906
     3.37366     2.06420
     3.38366     2.08944
     3.39365     2.11498
     3.40365     2.14146
     3.41364     2.16887
     3.42364     2.19725
     3.43363     2.22672
     3.44363     2.25731
     3.45362     2.28900
     3.46362     2.32253
     3.47361     2.36220
     3.48361     2.39549
     3.49360     2.40729
     3.50360     2.42319
     3.51359     2.44430
     3.52359     2.47162
     3.53358     2.50329
     3.54358     2.53502
     3.55357     2.56705
     3.56357     2.59839
     3.57356     2.62742
     3.58356     2.65536
     3.59355     2.68025
     3.60355     2.71463
     3.61354     2.75976
     3.62354     2.81600
     3.63353     2.87937
     3.64353     2.93754
     3.65352     2.98996
     3.66352     3.04290
     3.67351     3.09595
     3.68351     3.14845
     3.69350     3.19904
     3.70350     3.23713
     3.71349     3.27884
     3.72349     3.31953
     3.73348     3.35946
     3.74348     3.39868
     3.75347     3.43721
     3.76347     3.47524
     3.77346     3.51281
     3.78346     3.54992
     3.79345     3.58657
     3.80345     3.62275
     3.81344     3.65848
     3.82344     3.69375
     3.83343     3.72856
     3.84343     3.76318
     3.85342     3.79964
     3.86342     3.83864
     3.87341     3.88575
     3.88341     3.94132
     3.89340     4.00210
     3.90340     4.06604
     3.91339     4.13356
     3.92339     4.20438
     3.93338     4.27297
     3.94338     4.34010
     3.95337     4.39652
     3.96337     4.44934
     3.97336     4.49688
     3.98336     4.53554
     3.99335     4.56633
     4.00335     4.59546
     4.01334     4.62664
     4.02334     4.65990
     4.03333     4.69445
     4.04333     4.79690
     4.05332     4.88523
     4.06332     5.04383
     4.07331     5.12903
     4.08331     5.11017
     4.09330     5.10725
     4.10330     5.12625
     4.11329     5.14163
     4.12329     5.25642
     4.13328     5.36193
     4.14328     5.44094
     4.15327     5.54382
     4.16327     5.66372
     4.17326     5.76608
     4.18326     5.83497
     4.19325     5.86987
     4.20325     5.88106
     4.21324     5.89011
     4.22324     5.89966
     4.23323     5.94213
     4.24323     6.05112
     4.25322     6.13095
     4.26322     6.18122
     4.27321     6.21175
     4.28321     6.25269
     4.29320     6.29029
     4.30320     6.32184
     4.31319     6.34676
     4.32319     6.35893
     4.33318     6.33363
     4.34318     6.30826
     4.35317     6.27003
     4.36317     6.25230
     4.37316     6.25675
     4.38316     6.24233
     4.39315     6.21014
     4.40315     6.17988
     4.41314     6.16006
     4.42314     6.16792
     4.43313     6.18783
     4.44313     6.19474
     4.45312     6.17229
     4.46312     6.16126
     4.47311     6.17402
     4.48311     6.19015
     4.49310     6.22868
     4.50310     6.25874
     4.51309     6.28912
     4.52309     6.31445
     4.53308     6.33722
     4.54308     6.36471
     4.55307     6.38052
     4.56307     6.39293
     4.57306     6.40207
     4.58306     6.40817
     4.59305     6.41138
     4.60305     6.41171
     4.61304     6.40916
     4.62304     6.40373
     4.63303     6.39499
     4.64303     6.38370
     4.65302     6.37115
     4.66302     6.35022
     4.67301     6.26380
     4.68301     6.17787
     4.69300     6.63927
     4.70300     6.87456
     4.71299     6.93543
     4.72299     6.96203
     4.73298     7.16007
     4.74298     7.13363
     4.75297     6.45983
     4.76297     6.10578
     4.77296     5.98618
     4.78296     5.91213
     4.79295     5.79452
     4.80295     5.70133
     4.81294     5.63087
     4.82294     5.62947
     4.83293     5.54812
     4.84293     5.51149
     4.85292     5.55112
     4.86292     5.60173
     4.87291     5.67438
     4.88291     5.81778
     4.89290     6.16870
     4.90290     6.68512
     4.91289     7.18947
     4.92289     7.62678
     4.93288     7.99589
     4.94288     8.29995
     4.95287     8.47659
     4.96287     9.12860
     4.97286     8.95968
     4.98286     8.88106
     4.99285     8.81644
     5.00285     8.57281
     5.01284     8.10600
     5.02284     7.62821
     5.03283     7.10785
     5.04283     6.56214
     5.05282     6.02505
     5.06282     5.53055
     5.07281     5.10167
     5.08281     4.71811
     5.09280     4.33809
     5.10280     4.20131
     5.11279     4.25721
     5.12279     4.38293
     5.13278     4.53117
     5.14278     4.66893
     5.15277     4.78584
     5.16277     4.89238
     5.17276     5.02632
     5.18276     5.21495
     5.19275     5.43332
     5.20275     5.66983
     5.21274     5.96977
     5.22274     6.41116
     5.23273     6.89126
     5.24273     5.78947
     5.25272     5.77736
     5.26272     5.81939
     5.27271     5.89074
     5.28271     5.97271
     5.29270     6.08477
     5.30270     6.19853
     5.31269     6.31235
