    #Energy        TDOS
    #TDOS obtained from EIGENVAL file
   -14.40669    10.56884
   -14.39670    11.87677
   -14.38670    12.14584
   -14.37671    11.47240
   -14.36671     8.10727
   -14.35672     6.55477
   -14.34672     6.20144
   -14.33673     5.82129
   -14.32673     5.45690
   -14.31674     5.10651
   -14.30674     4.78071
   -14.29675     4.52899
   -14.28675     4.29796
   -14.27676     4.08437
   -14.26676     3.94141
   -14.25677     3.85388
   -14.24677     3.74846
   -14.23678     3.60170
   -14.22678     3.36329
   -14.21679     3.00795
   -14.20679     2.95192
   -14.19680     2.77320
   -14.18680     2.62400
   -14.17681     2.50431
   -14.16681     2.41413
   -14.15682     2.35178
   -14.14682     2.31161
   -14.13683     2.27749
   -14.12683     2.21792
   -14.11684     2.15178
   -14.10684     2.09743
   -14.09685     2.05485
   -14.08685     2.02406
   -14.07686     2.00506
   -14.06686     1.99784
   -14.05687     2.00240
   -14.04687     2.01874
   -14.03688     1.80385
   -14.02688     1.88076
   -14.01689     1.77823
   -14.00689     1.33040
   -13.99690     0.95338
   -13.98690     0.63903
   -13.97691     0.38735
   -13.96691     0.19834
   -13.95692     0.10392
   -13.94692     3.22916
   -13.93693    46.78832
   -13.92693    16.51157
   -13.91694    11.97961
   -13.90694    11.87329
   -13.89695    11.66036
   -13.88695    11.38060
   -13.87696    11.03403
   -13.86696    10.62064
   -13.85697    10.21125
   -13.84697     9.85596
   -13.83698     8.96166
   -13.82698     7.36614
   -13.81699     5.37607
   -13.80699     4.84956
   -13.79700     4.59242
   -13.78700     4.34438
   -13.77701     3.97948
   -13.76701     3.60947
   -13.75702     3.37608
   -13.74702     3.46232
   -13.73703     3.65250
   -13.72703     3.82642
   -13.71704     3.96293
   -13.70704     4.02121
   -13.69705     5.45207
   -13.68705     6.28481
   -13.67706     8.35772
   -13.66706    10.71835
   -13.65707    12.21083
   -13.64707    13.21547
   -13.63708    13.73151
   -13.62708    13.78046
   -13.61709    13.68255
   -13.60709    10.81236
   -13.59710    10.64499
   -13.58710    10.63058
   -13.57711    10.46569
   -13.56711    10.08722
   -13.55712     9.50418
   -13.54712     8.99255
   -13.53713     8.68546
   -13.52713     8.55632
   -13.51714     8.37117
   -13.50714     8.16910
   -13.49715     7.93897
   -13.48715     7.69653
   -13.47716     7.44678
   -13.46716     7.19267
   -13.45717     7.22835
   -13.44717     7.17746
   -13.43718     7.71742
   -13.42718     9.65640
   -13.41719    10.31598
   -13.40719    10.51750
   -13.39720    10.45278
   -13.38720    10.90498
   -13.37721    11.70973
   -13.36721    10.54557
   -13.35722     7.50206
   -13.34722     7.34874
   -13.33723     7.42918
   -13.32723     7.01182
   -13.31724     6.61546
   -13.30724     6.27023
   -13.29725     5.97714
   -13.28725     5.73619
   -13.27726     5.54736
   -13.26726     5.41067
   -13.25727     5.32611
   -13.24727     5.62424
   -13.23728    11.60091
   -13.22728     9.99369
   -13.21729     8.97108
   -13.20729     8.97396
   -13.19730     8.85812
   -13.18730     8.92341
   -13.17731     9.23449
   -13.16731     9.19819
   -13.15732     9.04052
   -13.14732     9.08273
   -13.13733     8.62141
   -13.12733     7.72805
   -13.11734     8.91140
   -13.10734     9.52438
   -13.09735     8.27332
   -13.08735     6.51305
   -13.07736     5.98709
   -13.06736     4.53703
   -13.05737     5.05820
   -13.04737     5.95219
   -13.03738     6.70763
   -13.02738     7.36218
   -13.01739     7.93475
   -13.00739     8.42716
   -12.99740     8.83940
   -12.98740     9.17149
   -12.97741     9.42342
   -12.96741     9.59169
   -12.95742     9.66427
   -12.94742    13.87358
   -12.93743    16.84623
   -12.92743    18.75268
   -12.91744    21.39744
   -12.90744    25.22471
   -12.89745    22.75325
   -12.88745    23.28239
   -12.87746    23.81742
   -12.86746    23.23346
   -12.85747    21.25661
   -12.84747    18.76613
   -12.83748    17.06049
   -12.82748    15.78931
   -12.81749    15.30242
   -12.80749    13.49158
   -12.79750    11.31531
   -12.78750     9.36652
   -12.77751     7.64244
   -12.76751     6.22252
   -12.75752     5.20999
   -12.74752     2.35384
   -12.73753     0.78104
   -12.72753     0.14109
   -12.71754     0.03092
   -12.70754     0.00306
   -12.69755     0.00000
   -12.68755     0.00000
   -12.67756     0.00000
   -12.66756     0.00000
   -12.65757     0.00000
   -12.64757     0.00000
   -12.63758     0.00000
   -12.62758     0.00000
   -12.61759     0.00000
   -12.60759     0.00000
   -12.59760     0.00000
   -12.58760     0.00000
   -12.57761     0.00000
   -12.56761     0.00000
   -12.55762     0.00000
   -12.54762     0.00000
   -12.53763     0.00000
   -12.52763     0.00000
   -12.51764     0.00000
   -12.50764     0.00000
   -12.49765     0.00000
   -12.48765     0.00000
   -12.47766     0.00000
   -12.46766     0.00000
   -12.45767     0.00000
   -12.44767     0.00000
   -12.43768     0.00000
   -12.42768     0.00000
   -12.41769     0.00000
   -12.40769     0.00000
   -12.39770     0.00000
   -12.38770     0.00000
   -12.37771     0.00000
   -12.36771     0.00000
   -12.35772     0.00000
   -12.34772     0.00000
   -12.33773     0.00000
   -12.32773     0.00000
   -12.31774     0.00000
   -12.30774     0.00000
   -12.29775     0.00000
   -12.28775     0.00000
   -12.27776     0.00000
   -12.26776     0.00000
   -12.25777     0.00000
   -12.24777     0.00000
   -12.23778     0.00000
   -12.22778     0.00000
   -12.21779     0.00000
   -12.20779     0.00000
   -12.19780     0.00000
   -12.18780     0.00000
   -12.17781     0.00000
   -12.16781     0.00000
   -12.15782     0.00000
   -12.14782     0.00000
   -12.13783     0.00000
   -12.12783     0.00000
   -12.11784     0.00000
   -12.10784     0.00000
   -12.09785     0.00000
   -12.08785     0.00000
   -12.07786     0.00000
   -12.06786     0.00000
   -12.05787     0.00000
   -12.04787     0.00000
   -12.03788     0.00000
   -12.02788     0.00000
   -12.01789     0.00000
   -12.00789     0.00000
   -11.99790     0.00000
   -11.98790     0.00000
   -11.97791     0.00000
   -11.96791     0.00000
   -11.95792     0.00000
   -11.94792     0.00000
   -11.93793     0.00000
   -11.92793     0.00000
   -11.91794     0.00000
   -11.90794     0.00000
   -11.89795     0.00000
   -11.88795     0.00000
   -11.87796     0.00000
   -11.86796     0.00000
   -11.85797     0.00000
   -11.84797     0.00000
   -11.83798     0.00000
   -11.82798     0.00000
   -11.81799     0.00000
   -11.80799     0.00000
   -11.79800     0.00000
   -11.78800     0.00000
   -11.77801     0.00000
   -11.76801     0.00000
   -11.75802     0.00000
   -11.74802     0.00000
   -11.73803     0.00000
   -11.72803     0.00000
   -11.71804     0.00000
   -11.70804     0.00000
   -11.69805     0.00000
   -11.68805     0.00000
   -11.67806     0.00000
   -11.66806     0.00000
   -11.65807     0.00000
   -11.64807     0.00000
   -11.63808     0.00000
   -11.62808     0.00000
   -11.61809     0.00000
   -11.60809     0.00000
   -11.59810     0.00000
   -11.58810     0.00000
   -11.57811     0.00000
   -11.56811     0.00000
   -11.55812     0.00000
   -11.54812     0.00000
   -11.53813     0.00000
   -11.52813     0.00000
   -11.51814     0.00000
   -11.50814     0.00000
   -11.49815     0.00000
   -11.48815     0.00000
   -11.47816     0.00000
   -11.46816     0.00000
   -11.45817     0.00000
   -11.44817     0.00000
   -11.43818     0.00000
   -11.42818     0.00000
   -11.41819     0.00000
   -11.40819     0.00000
   -11.39820     0.00000
   -11.38820     0.00000
   -11.37821     0.00000
   -11.36821     0.00000
   -11.35822     0.00000
   -11.34822     0.00000
   -11.33823     0.00000
   -11.32823     0.00000
   -11.31824     0.00000
   -11.30824     0.00000
   -11.29825     0.00000
   -11.28825     0.00000
   -11.27826     0.00000
   -11.26826     0.00000
   -11.25827     0.00000
   -11.24827     0.00000
   -11.23828     0.00000
   -11.22828     0.00000
   -11.21829     0.00000
   -11.20829     0.00000
   -11.19830     0.00000
   -11.18830     0.00000
   -11.17831     0.00000
   -11.16831     0.00000
   -11.15832     0.00000
   -11.14832     0.00000
   -11.13833     0.00000
   -11.12833     0.00000
   -11.11834     0.00000
   -11.10834     0.00000
   -11.09835     0.00000
   -11.08835     0.00000
   -11.07836     0.00000
   -11.06836     0.00000
   -11.05837     0.00000
   -11.04837     0.00000
   -11.03838     0.00000
   -11.02838     0.00000
   -11.01839     0.00000
   -11.00839     0.00000
   -10.99840     0.00000
   -10.98840     0.00000
   -10.97841     0.00000
   -10.96841     0.00000
   -10.95842     0.00000
   -10.94842     0.00000
   -10.93843     0.00000
   -10.92843     0.00000
   -10.91844     0.00000
   -10.90844     0.00000
   -10.89845     0.00000
   -10.88845     0.00000
   -10.87846     0.00000
   -10.86846     0.00000
   -10.85847     0.00000
   -10.84847     0.00000
   -10.83848     0.00000
   -10.82848     0.00000
   -10.81849     0.00000
   -10.80849     0.00000
   -10.79850     0.00000
   -10.78850     0.00000
   -10.77851     0.00000
   -10.76851     0.00000
   -10.75852     0.00000
   -10.74852     0.00000
   -10.73853     0.00000
   -10.72853     0.00000
   -10.71854     0.00000
   -10.70854     0.00000
   -10.69855     0.00000
   -10.68855     0.00000
   -10.67856     0.00000
   -10.66856     0.00000
   -10.65857     0.00000
   -10.64857     0.00000
   -10.63858     0.00000
   -10.62858     0.00000
   -10.61859     0.00000
   -10.60859     0.00000
   -10.59860     0.00000
   -10.58860     0.00000
   -10.57861     0.00000
   -10.56861     0.00000
   -10.55862     0.00000
   -10.54862     0.00000
   -10.53863     0.00000
   -10.52863     0.00000
   -10.51864     0.00000
   -10.50864     0.00000
   -10.49865     0.00000
   -10.48865     0.00000
   -10.47866     0.00000
   -10.46866     0.00000
   -10.45867     0.00000
   -10.44867     0.00000
   -10.43868     0.00000
   -10.42868     0.00000
   -10.41869     0.00000
   -10.40869     0.00000
   -10.39870     0.00000
   -10.38870     0.00000
   -10.37871     0.00000
   -10.36871     0.00000
   -10.35872     0.00000
   -10.34872     0.00000
   -10.33873     0.00000
   -10.32873     0.00000
   -10.31874     0.00000
   -10.30874     0.00000
   -10.29875     0.00000
   -10.28875     0.00000
   -10.27876     0.00000
   -10.26876     0.00000
   -10.25877     0.00000
   -10.24877     0.00000
   -10.23878     0.00000
   -10.22878     0.00000
   -10.21879     0.00000
   -10.20879     0.00000
   -10.19880     0.00000
   -10.18880     0.00000
   -10.17881     0.00000
   -10.16881     0.00000
   -10.15882     0.00000
   -10.14882     0.00000
   -10.13883     0.00000
   -10.12883     0.00000
   -10.11884     0.00000
   -10.10884     0.00000
   -10.09885     0.00000
   -10.08885     0.00000
   -10.07886     0.00000
   -10.06886     0.00000
   -10.05887     0.00000
   -10.04887     0.00000
   -10.03888     0.00000
   -10.02888     0.00000
   -10.01889     0.00000
   -10.00889     0.00000
    -9.99890     0.00000
    -9.98890     0.00000
    -9.97891     0.00000
    -9.96891     0.00000
    -9.95892     0.00000
    -9.94892     0.00000
    -9.93893     0.00000
    -9.92893     0.00000
    -9.91894     0.00000
    -9.90894     0.00000
    -9.89895     0.00000
    -9.88895     0.00000
    -9.87896     0.00000
    -9.86896     0.00000
    -9.85897     0.00000
    -9.84897     0.00000
    -9.83898     0.00000
    -9.82898     0.00000
    -9.81899     0.00000
    -9.80899     0.00000
    -9.79900     0.00000
    -9.78900     0.00000
    -9.77901     0.00000
    -9.76901     0.00000
    -9.75902     0.00000
    -9.74902     0.00000
    -9.73903     0.00000
    -9.72903     0.00000
    -9.71904     0.00000
    -9.70904     0.00000
    -9.69905     0.00000
    -9.68905     0.00000
    -9.67906     0.00000
    -9.66906     0.00000
    -9.65907     0.00000
    -9.64907     0.00000
    -9.63908     0.00000
    -9.62908     0.00000
    -9.61909     0.00000
    -9.60909     0.00000
    -9.59910     0.00000
    -9.58910     0.00000
    -9.57911     0.00000
    -9.56911     0.00000
    -9.55912     0.00000
    -9.54912     0.00000
    -9.53913     0.00000
    -9.52913     0.00000
    -9.51914     0.00000
    -9.50914     0.00000
    -9.49915     0.00000
    -9.48915     0.00000
    -9.47916     0.00000
    -9.46916     0.00000
    -9.45917     0.00000
    -9.44917     0.00000
    -9.43918     0.00000
    -9.42918     0.00000
    -9.41919     0.00000
    -9.40919     0.00000
    -9.39920     0.00000
    -9.38920     0.00000
    -9.37921     0.00000
    -9.36921     0.00000
    -9.35922     0.00000
    -9.34922     0.00000
    -9.33923     0.00000
    -9.32923     0.00000
    -9.31924     0.00000
    -9.30924     0.00000
    -9.29925     0.00000
    -9.28925     0.00000
    -9.27926     0.00000
    -9.26926     0.00000
    -9.25927     0.00000
    -9.24927     0.00000
    -9.23928     0.00000
    -9.22928     0.00000
    -9.21929     0.00000
    -9.20929     0.00000
    -9.19930     0.00000
    -9.18930     0.00000
    -9.17931     0.00000
    -9.16931     0.00000
    -9.15932     0.00000
    -9.14932     0.00000
    -9.13933     0.00000
    -9.12933     0.00000
    -9.11934     0.00000
    -9.10934     0.00000
    -9.09935     0.00000
    -9.08935     0.00000
    -9.07936     0.00000
    -9.06936     0.00000
    -9.05937     0.00000
    -9.04937     0.00000
    -9.03938     0.00000
    -9.02938     0.00000
    -9.01939     0.00000
    -9.00939     0.00000
    -8.99940     0.00000
    -8.98940     0.00000
    -8.97941     0.00000
    -8.96941     0.00000
    -8.95942     0.00000
    -8.94942     0.00000
    -8.93943     0.00000
    -8.92943     0.00000
    -8.91944     0.00000
    -8.90944     0.00000
    -8.89945     0.00000
    -8.88945     0.00000
    -8.87946     0.00000
    -8.86946     0.00000
    -8.85947     0.00000
    -8.84947     0.00000
    -8.83948     0.00000
    -8.82948     0.00000
    -8.81949     0.00000
    -8.80949     0.00000
    -8.79950     0.00000
    -8.78950     0.00000
    -8.77951     0.00000
    -8.76951     0.00000
    -8.75952     0.00000
    -8.74952     0.00000
    -8.73953     0.00000
    -8.72953     0.00000
    -8.71954   115.69885
    -8.70954    46.02699
    -8.69955    42.97534
    -8.68955    44.56741
    -8.67956    32.48560
    -8.66956    30.31138
    -8.65957    27.19512
    -8.64957    24.22635
    -8.63958    22.14116
    -8.62958    18.28654
    -8.61959    12.64486
    -8.60959    16.66112
    -8.59960    30.77951
    -8.58960    82.90861
    -8.57961    79.92363
    -8.56961    49.37208
    -8.55962   133.50059
    -8.54962    48.34513
    -8.53963    66.60907
    -8.52963   141.28593
    -8.51964    86.50109
    -8.50964    85.92401
    -8.49965    64.83519
    -8.48965   426.77520
    -8.47966   409.63549
    -8.46966     0.00000
    -8.45967     0.00000
    -8.44967     0.00000
    -8.43968     0.00000
    -8.42968     0.00000
    -8.41969     0.00000
    -8.40969     0.00000
    -8.39970     0.00000
    -8.38970     0.00000
    -8.37971     0.00000
    -8.36971     0.00000
    -8.35972     0.00000
    -8.34972     0.00000
    -8.33973     0.00000
    -8.32973     0.00000
    -8.31974     0.00000
    -8.30974     0.00000
    -8.29975     0.00000
    -8.28975     0.00000
    -8.27976     0.00000
    -8.26976     0.00000
    -8.25977     0.00000
    -8.24977     0.00000
    -8.23978     0.00000
    -8.22978     0.00000
    -8.21979     0.00000
    -8.20979     0.00000
    -8.19980     0.00000
    -8.18980     0.00000
    -8.17981     0.00000
    -8.16981     0.00000
    -8.15982     0.00000
    -8.14982     0.00000
    -8.13983     0.00000
    -8.12983     0.00000
    -8.11984     0.00000
    -8.10984     0.00000
    -8.09985     0.00000
    -8.08985     0.00000
    -8.07986     0.00000
    -8.06986     0.00000
    -8.05987     0.00000
    -8.04987     0.00000
    -8.03988     0.00000
    -8.02988     0.00000
    -8.01989     0.00000
    -8.00989     0.00000
    -7.99990     0.00000
    -7.98990     0.00000
    -7.97991     0.00000
    -7.96991     0.00000
    -7.95992     0.00000
    -7.94992     0.00000
    -7.93993     0.00000
    -7.92993     0.00000
    -7.91994     0.00000
    -7.90994     0.00000
    -7.89995     0.00000
    -7.88995     0.00000
    -7.87996     0.00000
    -7.86996     0.00000
    -7.85997     0.00000
    -7.84997     0.00000
    -7.83998     0.00000
    -7.82998     0.00000
    -7.81999     0.00000
    -7.80999     0.00000
    -7.80000     0.00000
    -7.79000     0.00000
    -7.78001     0.00000
    -7.77001     0.00000
    -7.76002     0.00000
    -7.75002     0.00000
    -7.74003     0.00000
    -7.73003     0.00000
    -7.72004     0.00000
    -7.71004     0.00000
    -7.70005     0.00000
    -7.69005     0.00000
    -7.68006     0.00000
    -7.67006     0.00000
    -7.66007     0.00000
    -7.65007     0.00000
    -7.64008     0.00000
    -7.63008     0.00000
    -7.62009     0.00000
    -7.61009     0.00000
    -7.60010     0.00000
    -7.59010     0.00000
    -7.58011     0.00000
    -7.57011     0.00000
    -7.56012     0.00000
    -7.55012     0.00000
    -7.54013     0.00000
    -7.53013     0.00000
    -7.52014     0.00000
    -7.51014     0.00000
    -7.50015     0.00020
    -7.49015     0.00186
    -7.48016     0.00520
    -7.47016     0.01020
    -7.46017     0.01688
    -7.45017     0.02524
    -7.44018     0.03527
    -7.43018     0.04697
    -7.42019     0.06034
    -7.41019     0.07539
    -7.40020     0.09212
    -7.39020     0.11051
    -7.38021     0.13058
    -7.37021     0.15233
    -7.36022     0.17574
    -7.35022     0.20083
    -7.34023     0.22760
    -7.33023     0.25604
    -7.32024     0.28615
    -7.31024     0.31793
    -7.30025     0.35139
    -7.29025     0.38653
    -7.28026     0.42333
    -7.27026     0.46181
    -7.26027     0.50197
    -7.25027     0.54168
    -7.24028     0.55855
    -7.23028     0.57537
    -7.22029     0.59232
    -7.21029     0.61009
    -7.20030     0.63074
    -7.19030     0.65438
    -7.18031     0.68102
    -7.17031     0.71067
    -7.16032     0.74331
    -7.15032     0.77895
    -7.14033     0.81760
    -7.13033     0.85896
    -7.12034     0.89827
    -7.11034     0.93591
    -7.10035     0.98463
    -7.09035     1.03861
    -7.08036     1.08497
    -7.07036     1.12809
    -7.06037     1.17392
    -7.05037     1.22294
    -7.04038     1.27519
    -7.03038     1.33052
    -7.02039     1.37952
    -7.01039     1.42173
    -7.00040     1.46129
    -6.99040     1.48924
    -6.98041     1.51161
    -6.97041     1.54811
    -6.96042     1.60078
    -6.95042     1.67083
    -6.94043     1.75828
    -6.93043     1.86312
    -6.92044     1.98537
    -6.91044     2.12500
    -6.90045     2.27581
    -6.89045     2.38901
    -6.88046     2.48045
    -6.87046     2.56988
    -6.86047     2.68676
    -6.85047     2.92476
    -6.84048     3.60828
    -6.83048     4.18900
    -6.82049     4.67834
    -6.81049     5.11476
    -6.80050     5.47711
    -6.79050     5.70242
    -6.78051     5.37349
    -6.77051     5.01007
    -6.76052     5.34441
    -6.75052     5.55252
    -6.74053     5.63548
    -6.73053     5.53761
    -6.72054     5.53210
    -6.71054     5.53591
    -6.70055     5.55255
    -6.69055     5.58304
    -6.68056     5.62738
    -6.67056     5.68558
    -6.66057     5.75763
    -6.65057     5.84382
    -6.64058     6.01133
    -6.63058     5.82321
    -6.62059     5.92523
    -6.61059     6.04425
    -6.60060     6.13254
    -6.59060     6.20698
    -6.58061     6.30212
    -6.57061     6.41159
    -6.56062     6.62713
    -6.55062     7.03619
    -6.54063     7.76672
    -6.53063     7.75430
    -6.52064     7.46211
    -6.51064     7.25032
    -6.50065     7.11892
    -6.49065     7.06792
    -6.48066     7.09849
    -6.47066     7.22010
    -6.46067     7.37652
    -6.45067     7.68032
    -6.44068     8.01424
    -6.43068     8.62821
    -6.42069     9.31883
    -6.41069     9.91747
    -6.40070    10.41721
    -6.39070    10.80814
    -6.38071    11.13890
    -6.37071    12.65476
    -6.36072    17.60036
    -6.35072    19.30342
    -6.34073    16.59609
    -6.33073    11.44427
    -6.32074    10.38067
    -6.31074     9.94394
    -6.30075     9.55697
    -6.29075     9.18250
    -6.28076     8.81951
    -6.27076     8.46479
    -6.26077     8.10503
    -6.25077     7.74289
    -6.24078     7.38934
    -6.23078     7.08713
    -6.22079     6.84297
    -6.21079     6.65844
    -6.20080     6.53116
    -6.19080     6.37960
    -6.18081     6.16076
    -6.17081     5.93781
    -6.16082     5.83723
    -6.15082     5.68890
    -6.14083     5.42924
    -6.13083     5.34256
    -6.12084     5.61835
    -6.11084     5.90958
    -6.10085     6.15816
    -6.09085     6.37068
    -6.08086     6.54659
    -6.07086     6.68690
    -6.06087     6.79248
    -6.05087     6.86332
    -6.04087     6.90445
    -6.03088     6.92434
    -6.02088     6.91814
    -6.01089     6.88415
    -6.00089     6.82119
    -5.99090     6.72702
    -5.98090     6.66084
    -5.97091     6.56932
    -5.96091     6.39519
    -5.95092     6.19273
    -5.94092     5.95803
    -5.93093     5.77907
    -5.92093     5.65802
    -5.91094     5.54934
    -5.90094     5.43665
    -5.89095     5.29689
    -5.88095     5.18580
    -5.87096     5.08802
    -5.86096     4.99958
    -5.85097     4.91770
    -5.84097     4.84012
    -5.83098     4.75965
    -5.82098     4.66566
    -5.81099     4.55499
    -5.80099     4.43299
    -5.79100     4.44820
    -5.78100     3.46251
    -5.77101     3.38793
    -5.76101     3.32420
    -5.75102     3.48295
    -5.74102     3.52310
    -5.73103     3.44358
    -5.72103     3.37359
    -5.71104     3.31690
    -5.70104     3.27032
    -5.69105     3.13684
    -5.68105     3.00103
    -5.67106     4.64346
    -5.66106     4.16216
    -5.65107     3.71289
    -5.64107     3.29571
    -5.63108     2.91307
    -5.62108     2.56588
    -5.61109     2.25098
    -5.60109     1.96872
    -5.59110     1.71919
    -5.58110     1.50068
    -5.57111     1.27981
    -5.56111     1.22294
    -5.55112     1.21268
    -5.54112     1.22330
    -5.53113     1.23814
    -5.52113     1.25441
    -5.51114     1.27104
    -5.50114     1.28779
    -5.49115     1.30466
    -5.48115     1.32165
    -5.47116     1.33875
    -5.46116     1.35598
    -5.45117     1.37332
    -5.44117     1.39077
    -5.43118     1.40835
    -5.42118     1.42604
    -5.41119     1.44385
    -5.40119     1.46178
    -5.39120     1.47983
    -5.38120     1.49799
    -5.37121     1.51628
    -5.36121     1.53468
    -5.35122     1.55320
    -5.34122     1.57183
    -5.33123     1.59062
    -5.32123     1.61002
    -5.31124     1.63015
    -5.30124     1.65066
    -5.29125     1.67059
    -5.28125     1.68976
    -5.27126     1.70652
    -5.26126     1.72009
    -5.25127     1.73041
    -5.24127     1.73798
    -5.23128     1.81836
    -5.22128     1.93746
    -5.21129     2.41461
    -5.20129     3.55294
    -5.19130     3.56531
    -5.18130     3.58358
    -5.17131     3.60773
    -5.16131     3.63778
    -5.15132     3.67372
    -5.14132     3.71556
    -5.13133     3.76329
    -5.12133     3.81691
    -5.11134     3.87643
    -5.10134     3.96326
    -5.09135     4.06775
    -5.08135     4.17707
    -5.07136     4.29319
    -5.06136     4.38581
    -5.05137     4.40742
    -5.04137     3.81788
    -5.03138     3.89536
    -5.02138     3.80484
    -5.01139     3.78246
    -5.00139     3.77140
    -4.99140     3.76545
    -4.98140     3.77165
    -4.97141     3.78549
    -4.96141     3.79994
    -4.95142     3.81488
    -4.94142     3.83032
    -4.93143     3.84624
    -4.92143     3.86275
    -4.91144     3.90668
    -4.90144     4.00683
    -4.89145     4.12889
    -4.88145     4.26382
    -4.87146     4.45943
    -4.86146     4.73295
    -4.85147     5.01878
    -4.84147     5.32599
    -4.83148     5.66008
    -4.82148     6.01531
    -4.81149     6.16964
    -4.80149     6.65487
    -4.79150     7.34401
    -4.78150     7.78804
    -4.77151     8.26764
    -4.76151     8.48204
    -4.75152     8.90015
    -4.74152     9.29829
    -4.73153     9.61705
    -4.72153     9.84896
    -4.71154     9.99401
    -4.70154    10.05221
    -4.69155    10.02356
    -4.68155     9.90805
    -4.67156     9.70703
    -4.66156     9.43117
    -4.65157     9.10494
    -4.64157     8.74382
    -4.63158     8.51719
    -4.62158     8.63268
    -4.61159     8.29655
    -4.60159     6.31921
    -4.59160     4.12653
    -4.58160     3.39652
    -4.57161     3.57031
    -4.56161     3.99752
    -4.55162     4.53312
    -4.54162     4.88396
    -4.53163     5.12426
    -4.52163     5.86986
    -4.51164     6.32872
    -4.50164     6.03992
    -4.49165     5.94095
    -4.48165     5.93621
    -4.47166     5.88374
    -4.46166     5.91899
    -4.45167     6.15241
    -4.44167     6.50799
    -4.43168     6.83250
    -4.42168     7.13027
    -4.41169     7.42895
    -4.40169     8.54808
    -4.39170     9.04085
    -4.38170     8.71947
    -4.37171     8.37540
    -4.36171     8.02639
    -4.35172     7.73900
    -4.34172     7.44525
    -4.33173     7.09799
    -4.32173     7.11728
    -4.31174     8.01606
    -4.30174     8.74876
    -4.29175    10.07932
    -4.28175    11.13009
    -4.27176    11.36136
    -4.26176    10.73024
    -4.25177    10.09421
    -4.24177     9.64718
    -4.23178     9.32204
    -4.22178     9.07062
    -4.21179     8.85654
    -4.20179     9.06819
    -4.19180     6.67646
    -4.18180     6.46092
    -4.17181     6.49271
    -4.16181     6.55876
    -4.15182     6.60820
    -4.14182     6.64354
    -4.13183     6.68636
    -4.12183     6.74609
    -4.11184     6.82273
    -4.10184     6.91629
    -4.09185     7.02676
    -4.08185     7.15416
    -4.07186     7.29847
    -4.06186     7.45970
    -4.05187     7.63785
    -4.04187     7.83291
    -4.03188     8.04490
    -4.02188     8.26926
    -4.01189     7.59387
    -4.00189     6.92712
    -3.99190     6.78421
    -3.98190     6.65238
    -3.97191     6.54164
    -3.96191     6.48869
    -3.95192     6.37754
    -3.94192     6.35491
    -3.93193     6.30253
    -3.92193     6.24409
    -3.91194     6.15532
    -3.90194     6.04009
    -3.89195     5.91011
    -3.88195     5.75398
    -3.87196     7.02570
    -3.86196     6.79451
    -3.85197     6.67724
    -3.84197     6.52333
    -3.83198     6.42089
    -3.82198     6.37668
    -3.81199     6.43212
    -3.80199     6.57761
    -3.79200     6.83278
    -3.78200     7.16049
    -3.77201     7.56322
    -3.76201     7.57069
    -3.75202     7.71858
    -3.74202     7.82954
    -3.73203     7.88017
    -3.72203     7.78244
    -3.71204     7.54647
    -3.70204     7.13098
    -3.69205     6.87209
    -3.68205     6.73435
    -3.67206     7.25788
    -3.66206     7.58438
    -3.65207     7.66428
    -3.64207     7.50737
    -3.63208     7.31551
    -3.62208     7.17468
    -3.61209     7.07119
    -3.60209     8.77071
    -3.59210    11.29860
    -3.58210    16.89809
    -3.57211    13.35438
    -3.56211    12.47726
    -3.55212    10.86171
    -3.54212    11.49113
    -3.53213    12.32038
    -3.52213    13.09997
    -3.51214    13.46657
    -3.50214    13.77837
    -3.49215    14.03706
    -3.48215    13.60376
    -3.47216    11.68638
    -3.46216     9.09399
    -3.45217     7.78269
    -3.44217     7.04443
    -3.43218     6.61296
    -3.42218     6.27622
    -3.41219     6.03071
    -3.40219     5.87256
    -3.39220     5.78398
    -3.38220     5.70578
    -3.37221     5.63183
    -3.36221     5.56213
    -3.35222     5.49667
    -3.34222     5.43546
    -3.33223     5.37673
    -3.32223     5.31866
    -3.31224     5.31621
    -3.30224     5.33953
    -3.29225     5.38736
    -3.28225     5.81334
    -3.27226     6.31411
    -3.26226     6.57547
    -3.25227     6.80468
    -3.24227     7.05975
    -3.23228     7.30847
    -3.22228     7.54205
    -3.21229     7.70557
    -3.20229     7.82706
    -3.19230     7.93879
    -3.18230     8.00164
    -3.17231     8.06845
    -3.16231     8.12650
    -3.15232     8.17255
    -3.14232     8.20290
    -3.13233     8.21674
    -3.12233     8.21379
    -3.11234     8.18730
    -3.10234     8.14228
    -3.09235     8.08518
    -3.08235     8.01292
    -3.07236     7.92554
    -3.06236     7.82826
    -3.05237     7.73164
    -3.04237     7.64878
    -3.03238     7.57138
    -3.02238     7.49537
    -3.01239     7.41837
    -3.00239     7.91890
    -2.99240     8.38529
    -2.98240     8.15052
    -2.97241     7.71586
    -2.96241     7.89347
    -2.95242     8.59436
    -2.94242    12.47200
    -2.93243    11.30451
    -2.92243    11.08635
    -2.91244    11.53001
    -2.90244    11.72125
    -2.89245    14.04008
    -2.88245    11.43025
    -2.87246    11.34231
    -2.86246    11.06637
    -2.85247    10.58600
    -2.84247    10.17234
    -2.83248     9.83830
    -2.82248     8.64006
    -2.81249     8.83740
    -2.80249    10.05194
    -2.79250    11.84534
    -2.78250    11.19876
    -2.77251    10.44425
    -2.76251    10.50982
    -2.75252    10.40916
    -2.74252    10.29056
    -2.73253    10.25393
    -2.72253    10.57480
    -2.71254    11.76112
    -2.70254    12.94984
    -2.69255    13.71468
    -2.68255    14.35767
    -2.67256    14.90246
    -2.66256    15.33829
    -2.65257    15.67183
    -2.64257    15.90304
    -2.63258    15.98992
    -2.62258    16.90031
    -2.61259    18.71546
    -2.60259     9.10185
    -2.59260     4.73673
    -2.58260     4.45740
    -2.57261     4.31768
    -2.56261     4.33819
    -2.55262     4.37500
    -2.54262     4.37429
    -2.53263     4.38221
    -2.52263     4.40411
    -2.51264     4.42990
    -2.50264     4.45725
    -2.49265     4.49500
    -2.48265     4.54171
    -2.47266     4.58894
    -2.46266     4.63671
    -2.45267     4.70185
    -2.44267     4.78444
    -2.43268     4.90329
    -2.42268     4.98485
    -2.41269     4.96595
    -2.40269     4.87919
    -2.39270     4.73798
    -2.38270     4.66314
    -2.37271     4.89008
    -2.36271     5.25631
    -2.35272     5.45715
    -2.34272     5.65954
    -2.33273     5.89791
    -2.32273     6.11539
    -2.31274     6.36125
    -2.30274     6.63075
    -2.29275     7.22509
    -2.28275     8.55477
    -2.27276     9.71109
    -2.26276    19.69773
    -2.25277    40.17559
    -2.24277    24.30342
    -2.23278    14.58366
    -2.22278    10.22725
    -2.21279     8.18028
    -2.20279     9.60335
    -2.19280    10.68639
    -2.18280    11.25529
    -2.17281    11.41532
    -2.16281    11.72262
    -2.15282    12.17588
    -2.14282    11.96810
    -2.13283    10.56492
    -2.12283     8.74294
    -2.11284    10.40883
    -2.10284    14.84750
    -2.09285    18.59430
    -2.08285    21.00145
    -2.07286    19.82047
    -2.06286    24.36500
    -2.05287    13.01490
    -2.04287    11.57163
    -2.03288    11.24658
    -2.02288    10.79582
    -2.01289    10.31052
    -2.00289     9.82858
    -1.99290     9.40957
    -1.98290     9.06785
    -1.97291    12.80921
    -1.96291     9.91206
    -1.95292    10.27572
    -1.94292    10.64201
    -1.93293    10.96360
    -1.92293    11.40069
    -1.91294    11.87165
    -1.90294    12.42404
    -1.89295    13.96822
    -1.88295    13.08250
    -1.87296    13.61453
    -1.86296    13.94878
    -1.85297    13.66653
    -1.84297    13.13209
    -1.83298    13.11941
    -1.82298    13.36677
    -1.81299    13.17265
    -1.80299    12.52906
    -1.79300    12.03930
    -1.78300    11.62514
    -1.77301    11.22128
    -1.76301    10.90661
    -1.75302    10.67686
    -1.74302    10.49123
    -1.73303    10.36695
    -1.72303    10.25548
    -1.71304    10.12790
    -1.70304    10.03062
    -1.69305     9.99489
    -1.68305     9.84482
    -1.67306     9.63696
    -1.66306     9.42312
    -1.65307     9.36986
    -1.64307     9.30838
    -1.63308     9.07973
    -1.62308     8.79947
    -1.61309     9.38532
    -1.60309    13.16689
    -1.59310    20.39184
    -1.58310    11.14418
    -1.57311    11.15924
    -1.56311    11.10359
    -1.55312    11.06392
    -1.54312    11.03030
    -1.53313    10.99413
    -1.52313    10.94249
    -1.51314    10.87832
    -1.50314    10.79796
    -1.49315    10.66399
    -1.48315    10.44207
    -1.47316    10.21877
    -1.46316    10.54876
    -1.45317    10.79834
    -1.44317    10.87180
    -1.43318    10.72538
    -1.42318    10.53189
    -1.41319    10.38976
    -1.40319    10.28710
    -1.39320    10.22096
    -1.38320    10.23238
    -1.37321    13.86484
    -1.36321    14.63583
    -1.35322    14.25643
    -1.34322    13.74067
    -1.33323    12.34820
    -1.32323    11.04376
    -1.31324     9.94235
    -1.30324    11.41967
    -1.29325    14.74000
    -1.28325    14.55778
    -1.27326    13.36650
    -1.26326    14.72523
    -1.25327    15.29860
    -1.24327    15.55889
    -1.23328    16.01882
    -1.22328    16.01090
    -1.21329    15.40777
    -1.20329    13.92837
    -1.19330     8.49881
    -1.18330     7.98765
    -1.17331     7.56183
    -1.16331     7.14695
    -1.15332     6.74301
    -1.14332     6.35000
    -1.13333     5.96794
    -1.12333     5.59682
    -1.11334     5.23664
    -1.10334     4.89987
    -1.09335     4.51302
    -1.08335     4.45454
    -1.07336     5.26286
    -1.06336     5.43536
    -1.05337     6.33465
    -1.04337     7.53186
    -1.03338     8.67671
    -1.02338     9.85180
    -1.01339    11.16331
    -1.00339    13.18799
    -0.99340    15.81325
    -0.98340    17.07591
    -0.97341    16.83206
    -0.96341    16.07095
    -0.95342    16.05152
    -0.94342    15.31348
    -0.93343    14.16064
    -0.92343    13.77887
    -0.91344    14.26925
    -0.90344    12.53622
    -0.89345     8.55748
    -0.88345     2.80076
    -0.87346     0.04846
    -0.86346     0.00000
    -0.85347     0.00000
    -0.84347     0.00000
    -0.83348     0.00000
    -0.82348     0.00000
    -0.81349     0.00000
    -0.80349     0.00000
    -0.79350     0.00000
    -0.78350     0.00000
    -0.77351     0.00000
    -0.76351     0.00000
    -0.75352     0.00000
    -0.74352     0.00000
    -0.73353     0.00000
    -0.72353     0.00000
    -0.71354     0.00000
    -0.70354     0.00000
    -0.69355     0.00000
    -0.68355     0.00000
    -0.67356     0.00000
    -0.66356     0.00000
    -0.65357     0.00000
    -0.64357     0.00000
    -0.63358     0.00000
    -0.62358     0.00000
    -0.61359     0.00000
    -0.60359     0.00000
    -0.59360     0.00000
    -0.58360     0.00000
    -0.57361     0.00000
    -0.56361     0.00000
    -0.55362     0.00000
    -0.54362     0.00000
    -0.53363     0.00000
    -0.52363     0.00000
    -0.51364     0.00000
    -0.50364     0.00000
    -0.49365     0.00000
    -0.48365     0.00000
    -0.47366     0.00000
    -0.46366     0.00000
    -0.45367     0.00000
    -0.44367     0.00000
    -0.43368     0.00000
    -0.42368     0.00000
    -0.41369     0.00000
    -0.40369     0.00000
    -0.39370     0.00000
    -0.38370     0.00000
    -0.37371     0.00000
    -0.36371     0.00000
    -0.35372     0.00000
    -0.34372     0.00000
    -0.33373     0.00000
    -0.32373     0.00000
    -0.31374     0.00000
    -0.30374     0.00000
    -0.29375     0.00000
    -0.28375     0.00000
    -0.27376     0.00000
    -0.26376     0.00000
    -0.25377     0.00000
    -0.24377     0.00000
    -0.23378     0.00000
    -0.22378     0.00000
    -0.21379     0.00000
    -0.20379     0.00000
    -0.19380     0.00000
    -0.18380     0.00000
    -0.17381     0.00000
    -0.16381     0.00000
    -0.15382     0.00000
    -0.14382     0.00000
    -0.13383     0.00000
    -0.12383     0.00000
    -0.11384     0.00000
    -0.10384     0.00000
    -0.09385     0.00000
    -0.08385     0.00000
    -0.07386     0.00000
    -0.06386     0.00000
    -0.05387     0.00000
    -0.04387     0.00000
    -0.03388     0.00000
    -0.02388     0.00000
    -0.01389     0.00000
    -0.00389     0.00000
     0.00610     0.00000
     0.01610     0.00000
     0.02609     0.00000
     0.03609     0.00000
     0.04608     0.00000
     0.05608     0.00000
     0.06607     0.00000
     0.07607     0.00000
     0.08606     0.00000
     0.09606     0.00000
     0.10605     0.00000
     0.11605     0.00000
     0.12604     0.00000
     0.13604     0.00000
     0.14603     0.00000
     0.15603     0.00000
     0.16602     0.00000
     0.17602     0.00000
     0.18601     0.00000
     0.19601     0.00000
     0.20600     0.00000
     0.21600     0.00000
     0.22599     0.00000
     0.23599     0.00000
     0.24598     0.00000
     0.25598     0.00000
     0.26597     0.00000
     0.27597     0.00000
     0.28596     0.00000
     0.29596     0.00000
     0.30595     0.00000
     0.31595     0.00000
     0.32594     0.00000
     0.33594     0.00000
     0.34593     0.00000
     0.35593     0.00000
     0.36592     0.00000
     0.37592     0.00000
     0.38591     0.00000
     0.39591     0.00000
     0.40590     0.00000
     0.41590     0.00000
     0.42589     0.00000
     0.43589     0.00000
     0.44588     0.00000
     0.45588     0.00000
     0.46587     0.00000
     0.47587     0.00000
     0.48586     0.00000
     0.49586     0.00000
     0.50585     0.00000
     0.51585     0.00000
     0.52584     0.00000
     0.53584     0.00000
     0.54583     0.00000
     0.55583     0.00000
     0.56582     0.00000
     0.57582     0.00000
     0.58581     0.00000
     0.59581     0.00000
     0.60580     0.00000
     0.61580     0.00000
     0.62579     0.00000
     0.63579     0.00000
     0.64578     0.00000
     0.65578     0.00000
     0.66577     0.00000
     0.67577     0.00000
     0.68576     0.00000
     0.69576     0.00000
     0.70575     0.00000
     0.71575     0.00000
     0.72574     0.00000
     0.73574     0.00000
     0.74573     0.00000
     0.75573     0.00000
     0.76572     0.00000
     0.77572     0.00000
     0.78571     0.00000
     0.79571     0.00000
     0.80570     0.00000
     0.81570     0.00000
     0.82569     0.00000
     0.83569     0.00000
     0.84568     0.00000
     0.85568     0.00000
     0.86567     0.00000
     0.87567     0.00000
     0.88566     0.00000
     0.89566     0.00000
     0.90565     0.00000
     0.91565     0.00000
     0.92564     0.00000
     0.93564     0.00000
     0.94563     0.00000
     0.95563     0.00000
     0.96562     0.00000
     0.97562     0.00000
     0.98561     0.00000
     0.99561     0.00000
     1.00560     0.00000
     1.01560     0.00000
     1.02559     0.00000
     1.03559     0.00000
     1.04558     0.00000
     1.05558     0.00000
     1.06557     0.00000
     1.07557     0.00000
     1.08556     0.00000
     1.09556     0.00000
     1.10555     0.00000
     1.11555     0.00000
     1.12554     0.00000
     1.13554     0.00000
     1.14553     0.00000
     1.15553     0.00000
     1.16552     0.00000
     1.17552     0.00000
     1.18551     0.00000
     1.19551     0.00000
     1.20550     0.00000
     1.21550     0.00000
     1.22549     0.00000
     1.23549     0.00000
     1.24548     0.00000
     1.25548     0.00000
     1.26547     0.00000
     1.27547     0.00000
     1.28546     0.00000
     1.29546     0.00000
     1.30545     0.00000
     1.31545     0.00000
     1.32544     0.00000
     1.33544     0.00000
     1.34543     0.00000
     1.35543     0.00000
     1.36542     0.00000
     1.37542     0.00000
     1.38541     0.00000
     1.39541     0.00000
     1.40540     0.00000
     1.41540     0.00000
     1.42539     0.00002
     1.43539     0.00024
     1.44538     0.00067
     1.45538     0.00132
     1.46537     0.00219
     1.47537     0.00328
     1.48536     0.00459
     1.49536     0.00612
     1.50535     0.00786
     1.51535     0.00983
     1.52534     0.01202
     1.53534     0.01443
     1.54533     0.01705
     1.55533     0.01990
     1.56532     0.02296
     1.57532     0.02625
     1.58531     0.02975
     1.59531     0.03348
     1.60530     0.03742
     1.61530     0.04158
     1.62529     0.04597
     1.63529     0.05057
     1.64528     0.05539
     1.65528     0.06052
     1.66527     0.06602
     1.67527     0.07203
     1.68526     0.07903
     1.69526     0.08708
     1.70525     0.09620
     1.71525     0.10637
     1.72524     0.11761
     1.73524     0.12991
     1.74523     0.14327
     1.75523     0.15769
     1.76522     0.17317
     1.77522     0.18971
     1.78521     0.20731
     1.79521     0.22597
     1.80520     0.24570
     1.81520     0.26648
     1.82519     0.28832
     1.83519     0.31123
     1.84518     0.33520
     1.85518     0.36022
     1.86517     0.38631
     1.87517     0.41346
     1.88516     0.44167
     1.89516     0.47093
     1.90515     0.50126
     1.91515     0.53265
     1.92514     0.56511
     1.93514     0.59862
     1.94513     0.63319
     1.95513     0.66882
     1.96512     0.67224
     1.97512     0.65302
     1.98511     0.74187
     1.99511     0.79588
     2.00510     0.81619
     2.01510     0.83106
     2.02509     0.86393
     2.03509     0.90153
     2.04508     0.94110
     2.05508     0.98143
     2.06507     1.02265
     2.07507     1.06019
     2.08506     1.08925
     2.09506     1.10955
     2.10505     1.12759
     2.11505     1.14559
     2.12504     1.16412
     2.13504     1.18320
     2.14503     1.20284
     2.15503     1.22303
     2.16502     1.24405
     2.17502     1.26614
     2.18501     1.28931
     2.19501     1.31356
     2.20500     1.33888
     2.21500     1.36527
     2.22499     1.39274
     2.23499     1.40506
     2.24498     1.41123
     2.25498     1.43402
     2.26497     1.45734
     2.27497     1.48117
     2.28496     1.50557
     2.29496     1.53088
     2.30495     1.55722
     2.31495     1.58467
     2.32494     1.61312
     2.33494     1.64190
     2.34493     1.67148
     2.35493     1.70270
     2.36492     1.73665
     2.37492     1.77201
     2.38491     1.80710
     2.39491     1.84170
     2.40490     1.87610
     2.41490     1.91094
     2.42489     1.94685
     2.43489     1.98476
     2.44488     2.02390
     2.45488     2.06415
     2.46487     2.10503
     2.47487     2.14648
     2.48486     2.18850
     2.49486     2.23109
     2.50485     2.27428
     2.51485     2.31812
     2.52484     2.36259
     2.53484     2.40712
     2.54483     2.45066
     2.55483     2.49432
     2.56482     2.53869
     2.57482     2.58113
     2.58481     2.62284
     2.59481     2.66454
     2.60480     2.70544
     2.61480     2.75051
     2.62479     2.79453
     2.63479     2.83532
     2.64478     2.88254
     2.65478     2.94253
     2.66477     3.00016
     2.67477     3.05629
     2.68476     3.11128
     2.69476     3.16513
     2.70475     3.21798
     2.71475     3.27622
     2.72474     3.32481
     2.73474     3.36099
     2.74473     3.42050
     2.75473     3.48860
     2.76472     3.55893
     2.77472     3.63157
     2.78471     3.70483
     2.79471     3.77682
     2.80470     3.84875
     2.81470     3.92077
     2.82469     3.99290
     2.83469     4.06551
     2.84468     4.13873
     2.85468     4.21257
     2.86467     4.28701
     2.87467     4.35783
     2.88466     4.41476
     2.89466     4.47147
     2.90465     4.49875
     2.91465     4.49914
     2.92464     4.49571
     2.93464     4.51746
     2.94463     4.53998
     2.95463     4.56470
     2.96462     4.60268
     2.97462     4.64956
     2.98461     4.70149
     2.99461     4.78640
     3.00460     4.91278
     3.01460     5.02777
     3.02459     5.13402
     3.03459     5.23619
     3.04458     5.34200
     3.05458     5.45223
     3.06457     5.56114
     3.07457     5.68005
     3.08456     5.78614
     3.09456     5.87852
     3.10455     5.97173
     3.11455     6.06555
     3.12454     6.14700
     3.13454     6.23681
     3.14453     6.32320
     3.15453     6.39755
     3.16452     6.46078
     3.17452     6.51519
     3.18451     6.56131
     3.19451     6.60019
     3.20450     6.63238
     3.21450     6.65883
     3.22449     6.67982
     3.23449     6.69541
     3.24448     6.70555
     3.25448     6.70778
     3.26447     6.74124
     3.27447     6.83511
     3.28446     6.92395
     3.29446     6.99191
     3.30445     7.04751
     3.31445     7.17378
     3.32444     7.27153
     3.33444     7.35445
     3.34443     7.42193
     3.35443     7.49432
     3.36442     7.55863
     3.37442     7.63376
     3.38441     7.68621
     3.39441     7.71599
     3.40440     7.73790
     3.41440     7.76538
     3.42439     7.79398
     3.43439     7.82778
     3.44438     7.80970
     3.45438     7.71831
     3.46437     7.65011
     3.47437     7.60544
     3.48436     7.60434
     3.49436     7.83071
     3.50435    18.36007
     3.51435     6.95914
     3.52434     6.43662
     3.53434     6.10648
     3.54433     5.89910
     3.55433     5.75146
     3.56432     5.67234
     3.57432     5.60130
     3.58431     5.55748
     3.59431     5.66162
     3.60430     5.85895
     3.61430     5.75032
     3.62429     5.61348
     3.63429     5.54633
     3.64428     5.54562
     3.65428     5.55224
     3.66427     5.60853
     3.67427     5.74109
     3.68426     5.95354
     3.69426     6.27000
     3.70425     6.80424
     3.71425     6.64251
     3.72424     6.51517
     3.73424     6.43419
     3.74423     6.34904
     3.75423     6.23137
     3.76422     6.08118
     3.77422     5.89849
     3.78421     5.68328
     3.79421     5.41605
     3.80420     5.07075
     3.81420     4.80798
     3.82419     4.66207
     3.83419     4.57973
     3.84418     4.53427
     3.85418     4.59195
     3.86417     4.78786
     3.87417     4.70021
     3.88416     5.19933
     3.89416     6.60680
     3.90415     9.91130
     3.91415    12.44873
     3.92414     8.15659
     3.93414     4.79836
     3.94413     3.15702
     3.95413     2.69908
     3.96412     2.27730
     3.97412     1.39435
     3.98411     1.24642
     3.99411     1.22319
     4.00410     1.20555
     4.01410     1.20116
     4.02409     1.19673
     4.03409     1.19630
     4.04408     1.19811
     4.05408     1.19971
     4.06407     1.20111
     4.07407     1.20222
     4.08406     1.20300
     4.09406     1.20365
     4.10405     1.20053
     4.11405     1.19606
     4.12404     1.19358
     4.13404     1.19164
     4.14403     1.18967
     4.15403     1.18764
     4.16402     1.18556
     4.17402     1.18341
     4.18401     1.18120
     4.19401     1.17894
     4.20400     1.17661
     4.21400     1.17422
     4.22399     1.17178
     4.23399     1.16927
     4.24398     1.16690
     4.25398     1.16584
     4.26397     1.16629
     4.27397     1.16824
     4.28396     1.17169
     4.29396     1.17665
     4.30395     1.18310
     4.31395     1.19107
     4.32394     1.20053
     4.33394     1.21150
     4.34393     1.22398
     4.35393     1.23795
     4.36392     1.25343
     4.37392     1.27042
     4.38391     1.28890
     4.39391     1.30889
     4.40390     1.33039
     4.41390     1.35338
     4.42389     1.37789
     4.43389     1.40419
     4.44388     1.43492
     4.45388     1.47183
     4.46387     1.55077
     4.47387     1.64694
     4.48386     1.75975
     4.49386     1.89125
     4.50385     2.04732
     4.51385     2.24300
     4.52384     2.43077
     4.53384     2.63527
     4.54383     2.83618
     4.55383     3.02991
     4.56382     3.21646
     4.57382     3.39690
     4.58381     3.58333
     4.59381     3.75438
     4.60380     3.90653
     4.61380     4.06436
     4.62379     4.22549
     4.63379     4.36295
     4.64378     4.48390
     4.65378     4.59076
     4.66377     4.68514
     4.67377     4.76710
     4.68376     4.83669
     4.69376     4.89423
     4.70375     4.93615
     4.71375     4.93078
     4.72374     4.90520
     4.73374     4.88165
     4.74373     4.98892
     4.75373     5.15916
     4.76372     5.53443
     4.77372     6.11304
     4.78371     6.25768
     4.79371     6.36312
     4.80370     6.56030
     4.81370     6.95225
     4.82369     7.42953
     4.83369     6.95651
     4.84368     6.51938
     4.85368     6.11395
     4.86367     5.74023
     4.87367     5.39820
     4.88366     5.08787
     4.89366     4.80925
     4.90365     4.56233
     4.91365     4.33597
     4.92364     4.13272
     4.93364     4.04980
     4.94363     3.92701
     4.95363     3.88987
     4.96362     3.87417
     4.97362     3.87446
     4.98361     3.90881
     4.99361     3.95901
     5.00360     4.27165
     5.01360     5.20311
     5.02359     5.83406
     5.03359     6.15258
     5.04358     6.37134
     5.05358     6.48263
     5.06357     6.48192
     5.07357     6.36049
     5.08356     6.07349
     5.09356     6.17585
     5.10355     6.34288
     5.11355     6.43540
     5.12354     6.68409
     5.13354     6.91600
     5.14353     6.94929
     5.15353     6.86839
     5.16352     6.79070
     5.17352     6.71803
     5.18351     6.65033
     5.19351     6.58659
     5.20350     6.53058
     5.21350     6.48231
     5.22349     6.42161
     5.23349     6.34584
     5.24348     6.78626
     5.25348     7.03274
     5.26347     6.96467
     5.27347     6.57994
     5.28346     5.89423
     5.29346     5.67867
     5.30345     5.70908
     5.31345     5.87143
     5.32344     6.22740
     5.33344     6.46493
     5.34343     6.56159
     5.35343     6.48769
     5.36342     6.42979
     5.37342     6.36953
     5.38341     6.28627
     5.39341     6.23658
     5.40340     6.23351
     5.41340     6.21180
     5.42339     6.18614
     5.43339     6.16178
     5.44338     6.28657
     5.45338     6.44227
     5.46337     6.58769
     5.47337     6.83954
     5.48336     8.04375
     5.49336     8.19058
     5.50335     8.02203
     5.51335     7.82233
     5.52334     7.57951
     5.53334     7.25812
     5.54333     7.68289
     5.55333     7.22951
     5.56332     6.83067
     5.57332     6.41110
     5.58331     6.13144
