    #Energy        TDOS
    #TDOS obtained from EIGENVAL file
   -14.41585     2.69284
   -14.40586     2.62121
   -14.39586     2.54884
   -14.38587     2.47572
   -14.37587     2.42135
   -14.36588     2.46092
   -14.35588     2.44629
   -14.34589     2.41880
   -14.33589     2.38940
   -14.32590     2.36011
   -14.31590     2.31440
   -14.30591     2.27108
   -14.29591     2.23049
   -14.28592     2.18464
   -14.27592     2.16245
   -14.26593     2.60407
   -14.25593     2.43893
   -14.24594     1.04230
   -14.23594     1.04711
   -14.22595     1.05709
   -14.21595     1.06265
   -14.20596     1.07674
   -14.19596     1.09730
   -14.18597     1.11795
   -14.17597     1.13870
   -14.16598     1.15954
   -14.15598     1.18048
   -14.14599     1.20151
   -14.13599     1.22264
   -14.12600     1.24386
   -14.11600     1.26518
   -14.10601     1.28659
   -14.09601     1.30810
   -14.08602     1.32970
   -14.07602     1.35140
   -14.06603     1.35267
   -14.05603     1.37537
   -14.04604     1.39265
   -14.03604     1.43342
   -14.02605     1.48024
   -14.01605     1.53733
   -14.00606     1.59470
   -13.99606     1.65242
   -13.98607     1.71050
   -13.97607     1.76893
   -13.96608     1.82727
   -13.95608     1.84626
   -13.94609     1.86998
   -13.93609     1.89879
   -13.92610     1.96176
   -13.91610     2.02631
   -13.90611     2.09305
   -13.89611     2.16199
   -13.88612     2.23312
   -13.87612     2.30644
   -13.86613     2.36310
   -13.85613     2.49999
   -13.84614     2.82089
   -13.83614     3.21811
   -13.82615     3.40591
   -13.81615     3.51771
   -13.80616     3.88256
   -13.79616     4.30690
   -13.78617     4.80151
   -13.77617     9.28716
   -13.76618    13.63207
   -13.75618    13.00762
   -13.74619    10.83330
   -13.73619    11.04817
   -13.72620     9.15118
   -13.71620     8.04149
   -13.70621     7.90902
   -13.69621     0.47730
   -13.68622     0.00425
   -13.67622     0.01540
   -13.66623     0.18497
   -13.65623     0.45712
   -13.64624     0.83527
   -13.63624     1.15355
   -13.62625     1.36881
   -13.61625     1.38131
   -13.60626     1.32047
   -13.59626     1.19902
   -13.58627     1.18284
   -13.57627     1.21866
   -13.56628     1.25408
   -13.55628     1.28909
   -13.54629     1.32371
   -13.53629     1.35792
   -13.52630     1.39173
   -13.51630     1.42513
   -13.50631     1.45380
   -13.49631     1.44541
   -13.48632     1.43813
   -13.47632     1.43378
   -13.46633     1.45033
   -13.45633     1.46981
   -13.44634     1.47015
   -13.43634     1.47987
   -13.42635     1.49773
   -13.41635     1.52983
   -13.40636     1.56196
   -13.39636     1.59414
   -13.38637     1.62635
   -13.37637     1.65861
   -13.36638     1.69091
   -13.35638     1.72325
   -13.34639     1.75563
   -13.33639     1.78805
   -13.32640     1.82051
   -13.31640     1.80358
   -13.30641     1.78924
   -13.29641     1.83750
   -13.28642     1.90435
   -13.27642     1.97056
   -13.26643     2.03614
   -13.25643     2.10109
   -13.24644     2.16579
   -13.23644     2.16462
   -13.22645     2.17700
   -13.21645     2.24362
   -13.20646     2.31156
   -13.19646     2.38100
   -13.18647     2.45196
   -13.17647     2.52442
   -13.16648     2.59839
   -13.15648     2.67388
   -13.14649     2.72693
   -13.13649     2.79550
   -13.12650     3.15053
   -13.11650     2.99695
   -13.10651     3.22516
   -13.09651     3.49910
   -13.08652     3.79126
   -13.07652     4.10171
   -13.06653     4.21194
   -13.05653     4.34763
   -13.04654     4.77338
   -13.03654     5.28913
   -13.02655     5.91386
   -13.01655     6.64758
   -13.00656     7.37141
   -12.99656    11.82204
   -12.98657     7.24217
   -12.97657     6.43703
   -12.96658     5.62005
   -12.95658     4.79112
   -12.94659     4.90570
   -12.93659     4.94784
   -12.92660     5.43052
   -12.91660     0.00000
   -12.90661     0.00000
   -12.89661     0.00000
   -12.88662     0.00000
   -12.87662     0.00000
   -12.86663     0.00000
   -12.85663     0.00000
   -12.84664     0.00000
   -12.83664     0.00000
   -12.82665     0.00000
   -12.81665     0.00000
   -12.80666     0.00000
   -12.79666     0.00000
   -12.78667     0.00000
   -12.77667     0.00000
   -12.76668     0.00000
   -12.75668     0.00000
   -12.74669     0.00000
   -12.73669     0.00000
   -12.72670     0.00000
   -12.71670     0.00000
   -12.70671     0.00000
   -12.69671     0.00000
   -12.68672     0.00000
   -12.67672     0.00000
   -12.66673     0.00000
   -12.65673     0.00000
   -12.64674     0.00000
   -12.63674     0.00000
   -12.62675     0.00000
   -12.61675     0.00000
   -12.60676     0.00000
   -12.59676     0.00000
   -12.58677     0.00000
   -12.57677     0.00000
   -12.56678     0.00000
   -12.55678     0.00000
   -12.54679     0.00000
   -12.53679     0.00000
   -12.52680     0.00000
   -12.51680     0.00000
   -12.50681     0.00000
   -12.49681     0.00000
   -12.48682     0.00000
   -12.47682     0.00000
   -12.46683     0.00000
   -12.45683     0.00000
   -12.44684     0.00000
   -12.43684     0.00000
   -12.42685     0.00000
   -12.41685     0.00000
   -12.40686     0.00000
   -12.39686     0.00000
   -12.38687     0.00000
   -12.37687     0.00000
   -12.36688     0.00000
   -12.35688     0.00000
   -12.34689     0.00000
   -12.33689     0.00000
   -12.32690     0.00000
   -12.31690     0.00000
   -12.30691     0.00000
   -12.29691     0.00000
   -12.28692     0.00000
   -12.27692     0.00000
   -12.26693     0.00000
   -12.25693     0.00000
   -12.24694     0.00000
   -12.23694     0.00000
   -12.22695     0.00000
   -12.21695     0.00000
   -12.20696     0.00000
   -12.19696     0.00000
   -12.18697     0.00000
   -12.17697     0.00000
   -12.16698     0.00000
   -12.15698     0.00000
   -12.14699     0.00000
   -12.13699     0.00000
   -12.12700     0.00000
   -12.11700     0.00000
   -12.10701     0.00000
   -12.09701     0.00000
   -12.08702     0.00000
   -12.07702     0.00000
   -12.06703     0.00000
   -12.05703     0.00000
   -12.04704     0.00000
   -12.03704     0.00000
   -12.02705     0.00000
   -12.01705     0.00000
   -12.00706     0.00000
   -11.99706     0.00000
   -11.98707     0.00000
   -11.97707     0.00000
   -11.96708     0.00000
   -11.95708     0.00000
   -11.94709     0.00000
   -11.93709     0.00000
   -11.92710     0.00000
   -11.91710     0.00000
   -11.90711     0.00000
   -11.89711     0.00000
   -11.88712     0.00000
   -11.87712     0.00000
   -11.86713     0.00000
   -11.85713     0.00000
   -11.84714     0.00000
   -11.83714     0.00000
   -11.82715     0.00000
   -11.81715     0.00000
   -11.80716     0.00000
   -11.79716     0.00000
   -11.78717     0.00000
   -11.77717     0.00000
   -11.76718     0.00000
   -11.75718     0.00000
   -11.74719     0.00000
   -11.73719     0.00000
   -11.72720     0.00000
   -11.71720     0.00000
   -11.70721     0.00000
   -11.69721     0.00000
   -11.68722     0.00000
   -11.67722     0.00000
   -11.66723     0.00000
   -11.65723     0.00000
   -11.64724     0.00000
   -11.63724     0.00000
   -11.62725     0.00000
   -11.61725     0.00000
   -11.60726     0.00000
   -11.59726     0.00000
   -11.58727     0.00000
   -11.57727     0.00000
   -11.56728     0.00000
   -11.55728     0.00000
   -11.54729     0.00000
   -11.53729     0.00000
   -11.52730     0.00000
   -11.51730     0.00000
   -11.50731     0.00000
   -11.49731     0.00000
   -11.48732     0.00000
   -11.47732     0.00000
   -11.46733     0.00000
   -11.45733     0.00000
   -11.44734     0.00000
   -11.43734     0.00000
   -11.42735     0.00000
   -11.41735     0.00000
   -11.40736     0.00000
   -11.39736     0.00000
   -11.38737     0.00000
   -11.37737     0.00000
   -11.36738     0.00000
   -11.35738     0.00000
   -11.34739     0.00000
   -11.33739     0.00000
   -11.32740     0.00000
   -11.31740     0.00000
   -11.30741     0.00000
   -11.29741     0.00000
   -11.28742     0.00000
   -11.27742     0.00000
   -11.26743     0.00000
   -11.25743     0.00000
   -11.24744     0.00000
   -11.23744     0.00000
   -11.22745     0.00000
   -11.21745     0.00000
   -11.20746     0.00000
   -11.19746     0.00000
   -11.18747     0.00000
   -11.17747     0.00000
   -11.16748     0.00000
   -11.15748     0.00000
   -11.14749     0.00000
   -11.13749     0.00000
   -11.12750     0.00000
   -11.11750     0.00000
   -11.10751     0.00000
   -11.09751     0.00000
   -11.08752     0.00000
   -11.07752     0.00000
   -11.06753     0.00000
   -11.05753     0.00000
   -11.04754     0.00000
   -11.03754     0.00000
   -11.02755     0.00000
   -11.01755     0.00000
   -11.00756     0.00000
   -10.99756     0.00000
   -10.98757     0.00000
   -10.97757     0.00000
   -10.96758     0.00000
   -10.95758     0.00000
   -10.94759     0.00000
   -10.93759     0.00000
   -10.92760     0.00000
   -10.91760     0.00000
   -10.90761     0.00000
   -10.89761     0.00000
   -10.88762     0.00000
   -10.87762     0.00000
   -10.86763     0.00000
   -10.85763     0.00000
   -10.84764     0.00000
   -10.83764     0.00000
   -10.82765     0.00000
   -10.81765     0.00000
   -10.80766     0.00000
   -10.79766     0.00000
   -10.78767     0.00000
   -10.77767     0.00000
   -10.76768     0.00000
   -10.75768     0.00000
   -10.74769     0.00000
   -10.73769     0.00000
   -10.72770     0.00000
   -10.71770     0.00000
   -10.70771     0.00000
   -10.69771     0.00000
   -10.68772     0.00000
   -10.67772     0.00000
   -10.66773     0.00000
   -10.65773     0.00000
   -10.64774     0.00000
   -10.63774     0.00000
   -10.62775     0.00000
   -10.61775     0.00000
   -10.60776     0.00000
   -10.59776     0.00000
   -10.58777     0.00000
   -10.57777     0.00000
   -10.56778     0.00000
   -10.55778     0.00000
   -10.54779     0.00000
   -10.53779     0.00000
   -10.52780     0.00000
   -10.51780     0.00000
   -10.50781     0.00000
   -10.49781     0.00000
   -10.48782     0.00000
   -10.47782     0.00000
   -10.46783     0.00000
   -10.45783     0.00000
   -10.44784     0.00000
   -10.43784     0.00000
   -10.42785     0.00000
   -10.41785     0.00000
   -10.40786     0.00000
   -10.39786     0.00000
   -10.38787     0.00000
   -10.37787     0.00000
   -10.36788     0.00000
   -10.35788     0.00000
   -10.34789     0.00000
   -10.33789     0.00000
   -10.32790     0.00000
   -10.31790     0.00000
   -10.30791     0.00000
   -10.29791     0.00000
   -10.28792     0.00000
   -10.27792     0.00000
   -10.26793     0.00000
   -10.25793     0.00000
   -10.24794     0.00000
   -10.23794     0.00000
   -10.22795     0.00000
   -10.21795     0.00000
   -10.20796     0.00000
   -10.19796     0.00000
   -10.18797     0.00000
   -10.17797     0.00000
   -10.16798     0.00000
   -10.15798     0.00000
   -10.14799     0.00000
   -10.13799     0.00000
   -10.12800     0.00000
   -10.11800     0.00000
   -10.10801     0.00000
   -10.09801     0.00000
   -10.08802     0.00000
   -10.07802     0.00000
   -10.06803     0.00000
   -10.05803     0.00000
   -10.04804     0.00000
   -10.03804     0.00000
   -10.02805     0.00000
   -10.01805     0.00000
   -10.00806     0.00000
    -9.99806     0.00000
    -9.98807     0.00000
    -9.97807     0.00000
    -9.96808     0.00000
    -9.95808     0.00000
    -9.94809     0.00000
    -9.93809     0.00000
    -9.92810     0.00000
    -9.91810     0.00000
    -9.90811     0.00000
    -9.89811     0.00000
    -9.88812     0.00000
    -9.87812     0.00000
    -9.86813     0.00000
    -9.85813     0.00000
    -9.84814     0.00000
    -9.83814     0.00000
    -9.82815     0.00000
    -9.81815     0.00000
    -9.80816     0.00000
    -9.79816     0.00000
    -9.78817     0.00000
    -9.77817     0.00000
    -9.76818     0.00000
    -9.75818     0.00000
    -9.74819     0.00000
    -9.73819     0.00000
    -9.72820     0.00000
    -9.71820     0.00000
    -9.70821     0.00000
    -9.69821     0.00000
    -9.68822     0.00000
    -9.67822     0.00000
    -9.66823     0.00000
    -9.65823     0.00000
    -9.64824     0.00000
    -9.63824     0.00000
    -9.62825     0.00000
    -9.61825     0.00000
    -9.60826     0.00000
    -9.59826     0.00000
    -9.58827     0.00000
    -9.57827     0.00000
    -9.56828     0.00000
    -9.55828     0.00000
    -9.54829     0.00000
    -9.53829     0.00000
    -9.52830     0.00000
    -9.51830     0.00000
    -9.50831     0.00000
    -9.49831     0.00000
    -9.48832     0.00000
    -9.47832     0.00000
    -9.46833     0.00000
    -9.45833     0.00000
    -9.44834     0.00000
    -9.43834     0.00000
    -9.42835     0.00000
    -9.41835     0.00000
    -9.40836     0.00000
    -9.39836     0.00000
    -9.38837     0.00000
    -9.37837     0.00000
    -9.36838     0.00000
    -9.35838     0.00000
    -9.34839     0.00000
    -9.33839     0.00000
    -9.32840     0.00000
    -9.31840     0.00000
    -9.30841     0.00000
    -9.29841     0.00000
    -9.28842     0.00000
    -9.27842     0.00000
    -9.26843     0.00000
    -9.25843     0.00000
    -9.24844     0.00000
    -9.23844     0.00000
    -9.22845     0.00000
    -9.21845     0.00000
    -9.20846     0.00000
    -9.19846     0.00000
    -9.18847     0.00000
    -9.17847     0.00000
    -9.16848     0.00000
    -9.15848     0.00000
    -9.14849     0.00000
    -9.13849     0.00000
    -9.12850     0.00000
    -9.11850     0.00000
    -9.10851     0.00000
    -9.09851     0.00000
    -9.08852     0.00000
    -9.07852     0.00000
    -9.06853     0.00000
    -9.05853     0.00000
    -9.04854     0.00000
    -9.03854     0.00000
    -9.02855     0.00000
    -9.01855     0.00000
    -9.00856     0.00000
    -8.99856     0.00000
    -8.98857     0.00000
    -8.97857     0.00000
    -8.96858     0.00000
    -8.95858     0.00000
    -8.94859     0.00000
    -8.93859     0.00000
    -8.92860     0.00000
    -8.91860     0.00000
    -8.90861     0.00000
    -8.89861     0.00000
    -8.88862     0.00000
    -8.87862     0.00000
    -8.86863     0.00000
    -8.85863     0.00000
    -8.84864     0.00000
    -8.83864     0.00000
    -8.82865     0.00000
    -8.81865     0.00000
    -8.80866     0.00000
    -8.79866     0.00000
    -8.78867     0.00000
    -8.77867     0.00000
    -8.76868     0.00000
    -8.75868     0.00000
    -8.74869     0.00000
    -8.73869     0.00000
    -8.72870     0.00000
    -8.71870     0.00000
    -8.70871     0.00000
    -8.69871     0.00000
    -8.68872     0.00000
    -8.67872     0.00000
    -8.66873     0.00000
    -8.65873     0.00000
    -8.64874     0.00000
    -8.63874     0.00000
    -8.62875     0.00000
    -8.61875     0.00000
    -8.60876     0.00000
    -8.59876     0.00000
    -8.58877     0.00000
    -8.57877     0.00000
    -8.56878     0.00000
    -8.55878     0.00000
    -8.54879     0.00000
    -8.53879     0.00000
    -8.52880     0.00000
    -8.51880     0.00000
    -8.50881     0.00000
    -8.49881     0.00000
    -8.48882     0.00000
    -8.47882     0.00000
    -8.46883     0.00000
    -8.45883     0.00000
    -8.44884     0.00000
    -8.43884     0.00000
    -8.42885     0.00000
    -8.41885     0.00000
    -8.40886     0.00000
    -8.39886     0.00000
    -8.38887     0.00000
    -8.37887     0.00000
    -8.36888     0.00000
    -8.35888     0.00249
    -8.34889     0.07052
    -8.33889     0.22524
    -8.32890     0.46053
    -8.31890     0.70514
    -8.30891     0.93156
    -8.29891     1.13977
    -8.28892     1.32977
    -8.27892     1.50157
    -8.26893     1.65517
    -8.25893     1.80228
    -8.24894     2.14014
    -8.23894     2.29083
    -8.22895     2.54825
    -8.21895     2.60087
    -8.20896     2.70882
    -8.19896     2.84167
    -8.18897     2.98651
    -8.17897     3.14781
    -8.16898     3.26330
    -8.15898    26.01522
    -8.14899    19.77411
    -8.13899    16.59231
    -8.12900    17.14510
    -8.11900    19.08070
    -8.10901    19.05712
    -8.09901    23.35612
    -8.08902    24.11028
    -8.07902    27.66400
    -8.06903    16.49868
    -8.05903    11.96779
    -8.04904    11.63728
    -8.03904    11.73412
    -8.02905    15.22002
    -8.01905    22.73437
    -8.00906    22.47159
    -7.99906    24.21618
    -7.98907    32.47208
    -7.97907    35.12313
    -7.96908    25.64019
    -7.95908    31.29429
    -7.94909    19.59450
    -7.93909    12.78916
    -7.92910    12.11259
    -7.91910    11.80611
    -7.90911    15.50198
    -7.89911    14.11361
    -7.88911    19.19419
    -7.87912    36.16950
    -7.86912    21.75064
    -7.85913    21.65502
    -7.84913    12.00304
    -7.83914     8.84225
    -7.82914     8.57785
    -7.81915    23.26230
    -7.80915    32.15697
    -7.79916    23.47011
    -7.78916    16.48259
    -7.77917    37.97033
    -7.76917    38.71522
    -7.75918    63.76575
    -7.74918    17.81122
    -7.73919     6.91759
    -7.72919     3.63907
    -7.71920     1.25061
    -7.70920     0.31293
    -7.69921     0.00040
    -7.68921     0.00000
    -7.67922     0.00000
    -7.66922     0.00001
    -7.65923     0.01366
    -7.64923     0.68799
    -7.63924     2.95068
    -7.62924     5.11557
    -7.61925     6.50187
    -7.60925     7.00066
    -7.59926     7.32426
    -7.58926     7.55790
    -7.57927     7.77437
    -7.56927     7.82165
    -7.55928     7.76528
    -7.54928     7.79407
    -7.53929     7.70089
    -7.52929     7.68856
    -7.51930     7.96641
    -7.50930    10.00922
    -7.49931     8.19196
    -7.48931     8.00191
    -7.47932     7.86421
    -7.46932     7.81064
    -7.45933     7.84234
    -7.44933     8.15147
    -7.43934     9.66793
    -7.42934     4.20359
    -7.41935     3.09018
    -7.40935     2.63288
    -7.39936     2.52198
    -7.38936     2.46167
    -7.37937     2.57026
    -7.36937     3.32301
    -7.35938    11.64919
    -7.34938    14.00477
    -7.33939     7.84886
    -7.32939     6.32791
    -7.31940     6.15731
    -7.30940     6.13658
    -7.29941     5.94571
    -7.28941     5.53547
    -7.27942     5.01872
    -7.26942     4.82637
    -7.25943     3.54064
    -7.24943     2.30620
    -7.23944     2.09206
    -7.22944     1.89844
    -7.21945     1.77449
    -7.20945     1.77832
    -7.19946     1.59618
    -7.18946     1.41735
    -7.17947     1.37742
    -7.16947     1.33550
    -7.15948     1.30240
    -7.14948     1.28483
    -7.13949     1.27890
    -7.12949     1.27702
    -7.11950     1.27185
    -7.10950     1.25838
    -7.09951     1.23485
    -7.08951     1.21166
    -7.07952     1.18888
    -7.06952     1.16652
    -7.05953     1.14456
    -7.04953     1.12301
    -7.03954     1.10188
    -7.02954     1.08115
    -7.01955     1.06084
    -7.00955     1.04094
    -6.99956     1.02145
    -6.98956     1.00236
    -6.97957     0.98369
    -6.96957     0.96543
    -6.95958     0.94758
    -6.94958     0.93014
    -6.93959     0.91312
    -6.92959     0.89650
    -6.91960     0.88023
    -6.90960     0.86414
    -6.89961     0.84783
    -6.88961     0.83314
    -6.87962     0.82538
    -6.86962     0.82752
    -6.85963     0.83616
    -6.84963     0.84056
    -6.83964     0.84206
    -6.82964     0.83340
    -6.81965     0.81840
    -6.80965     0.80386
    -6.79966     0.78917
    -6.78966     0.77427
    -6.77967     0.75914
    -6.76967     0.74378
    -6.75968     0.72818
    -6.74968     0.71224
    -6.73969     0.69641
    -6.72969     0.68189
    -6.71970     0.66904
    -6.70970     0.66715
    -6.69971     0.66611
    -6.68971     0.66864
    -6.67972     0.66795
    -6.66972     0.66351
    -6.65973     0.65869
    -6.64973     0.65387
    -6.63974     0.64908
    -6.62974     0.64433
    -6.61975     0.63962
    -6.60975     0.63495
    -6.59976     0.63031
    -6.58976     0.62571
    -6.57977     0.62115
    -6.56977     0.61663
    -6.55978     0.61214
    -6.54978     0.60769
    -6.53979     0.60328
    -6.52979     0.59891
    -6.51980     0.59457
    -6.50980     0.59027
    -6.49981     0.58601
    -6.48981     0.58174
    -6.47982     0.57748
    -6.46982     0.57518
    -6.45983     0.57454
    -6.44983     0.57494
    -6.43984     0.57400
    -6.42984     0.57368
    -6.41985     0.57208
    -6.40985     0.56850
    -6.39986     0.56498
    -6.38986     0.56147
    -6.37987     0.55799
    -6.36987     0.55453
    -6.35988     0.55109
    -6.34988     0.54767
    -6.33989     0.54429
    -6.32989     0.54092
    -6.31990     0.53758
    -6.30990     0.53426
    -6.29991     0.53097
    -6.28991     0.52771
    -6.27992     0.52446
    -6.26992     0.52124
    -6.25993     0.51805
    -6.24993     0.51488
    -6.23994     0.51173
    -6.22994     0.50861
    -6.21995     0.50552
    -6.20995     0.50244
    -6.19996     0.49940
    -6.18996     0.49637
    -6.17997     0.49417
    -6.16997     0.49693
    -6.15998     0.54097
    -6.14998     0.73899
    -6.13999     1.13298
    -6.12999     1.58337
    -6.12000     1.97544
    -6.11000     2.30909
    -6.10001     2.56505
    -6.09001     2.75475
    -6.08002     2.83246
    -6.07002     2.90169
    -6.06003     3.22402
    -6.05003     3.02809
    -6.04004     2.82468
    -6.03004     2.84093
    -6.02005     5.07771
    -6.01005     4.79748
    -6.00006     6.00992
    -5.99006     5.03971
    -5.98007     4.41999
    -5.97007     4.02119
    -5.96008     3.86438
    -5.95008     3.71502
    -5.94009     3.57225
    -5.93009     3.43608
    -5.92010     3.30651
    -5.91010     3.18353
    -5.90011     3.06715
    -5.89011     2.95736
    -5.88012     2.85418
    -5.87012     2.75759
    -5.86013     2.66759
    -5.85013     2.58362
    -5.84014     2.50009
    -5.83014     2.42961
    -5.82015     2.48038
    -5.81015     2.41811
    -5.80016     2.23613
    -5.79016     2.08695
    -5.78017     2.04966
    -5.77017     2.01388
    -5.76018     1.99199
    -5.75018     1.99150
    -5.74019     1.97806
    -5.73019     2.76958
    -5.72020     3.20469
    -5.71020     2.51353
    -5.70021     2.43230
    -5.69021     2.43121
    -5.68022     2.42695
    -5.67022     2.42652
    -5.66023     2.43675
    -5.65023     2.45023
    -5.64024     2.46425
    -5.63024     2.47982
    -5.62025     2.49737
    -5.61025     2.51920
    -5.60026     2.57583
    -5.59026     3.78593
    -5.58027     4.43169
    -5.57027     3.92418
    -5.56028     3.83974
    -5.55028     3.76951
    -5.54029     3.72111
    -5.53029     3.69936
    -5.52030     3.70950
    -5.51030     3.77115
    -5.50031     3.91584
    -5.49031     4.57594
    -5.48032     4.46241
    -5.47032     4.73006
    -5.46033     4.90133
    -5.45033     4.99946
    -5.44034     4.90893
    -5.43034     4.82013
    -5.42035     4.80518
    -5.41035     4.79388
    -5.40036     4.59257
    -5.39036     4.45196
    -5.38037     4.34170
    -5.37037     4.21361
    -5.36038     4.08373
    -5.35038     4.07017
    -5.34039     3.98658
    -5.33039     3.88293
    -5.32040     3.85504
    -5.31040     3.82075
    -5.30041     3.70092
    -5.29041     3.60824
    -5.28042     3.60917
    -5.27042     3.61368
    -5.26043     3.53888
    -5.25043     3.50425
    -5.24044     3.47629
    -5.23044     3.36932
    -5.22045     3.21898
    -5.21045     2.99547
    -5.20046     2.88264
    -5.19046     2.85802
    -5.18047     2.84719
    -5.17047     2.83205
    -5.16048     2.79115
    -5.15048     2.77992
    -5.14049     2.76896
    -5.13049     2.74903
    -5.12050     2.72812
    -5.11050     2.70787
    -5.10051     2.68869
    -5.09051     2.68146
    -5.08052     2.67086
    -5.07052     2.65104
    -5.06053     2.63815
    -5.05053     2.61922
    -5.04054     2.59044
    -5.03054     2.55141
    -5.02055     2.51528
    -5.01055     2.48783
    -5.00056     2.46648
    -4.99056     2.45131
    -4.98057     2.44327
    -4.97057     2.44282
    -4.96058     2.44737
    -4.95058     2.44107
    -4.94059     2.43689
    -4.93059     2.46310
    -4.92060     2.96793
    -4.91060     3.51370
    -4.90061     3.78296
    -4.89061     3.98632
    -4.88062     4.17494
    -4.87062     4.36420
    -4.86063     4.65106
    -4.85063     4.90947
    -4.84064     5.33571
    -4.83064     5.91531
    -4.82065     6.06482
    -4.81065     6.42218
    -4.80066     6.28537
    -4.79066     6.08229
    -4.78067     5.89247
    -4.77067     6.02867
    -4.76068     5.79391
    -4.75068     5.57496
    -4.74069     5.57501
    -4.73069     5.66841
    -4.72070     5.74096
    -4.71070     5.76757
    -4.70071     5.58826
    -4.69071     5.38243
    -4.68072     5.32325
    -4.67072     5.27116
    -4.66073     5.24831
    -4.65073     5.22552
    -4.64074     5.18373
    -4.63074     5.15920
    -4.62075     5.12228
    -4.61075     5.09386
    -4.60076     5.03504
    -4.59076     4.96704
    -4.58077     4.91910
    -4.57077     4.87878
    -4.56078     4.74366
    -4.55078     4.60450
    -4.54079     4.52581
    -4.53079     4.52949
    -4.52080     4.46327
    -4.51080     4.31569
    -4.50081     4.19007
    -4.49081     4.11868
    -4.48082     4.06603
    -4.47082     4.01056
    -4.46083     3.93400
    -4.45083     3.87911
    -4.44084     3.85257
    -4.43084     3.82128
    -4.42085     3.73207
    -4.41085     3.63550
    -4.40086     3.55475
    -4.39086     3.52076
    -4.38087     3.50777
    -4.37087     3.50816
    -4.36088     3.51367
    -4.35088     3.52340
    -4.34089     3.53749
    -4.33089     3.55664
    -4.32090     3.58763
    -4.31090     3.63487
    -4.30091     3.68814
    -4.29091     3.74129
    -4.28092     3.80691
    -4.27092     3.88855
    -4.26093     3.91467
    -4.25093     4.14384
    -4.24094     4.57645
    -4.23094     4.37199
    -4.22095     4.37066
    -4.21095     4.49477
    -4.20096     4.60803
    -4.19096     4.74021
    -4.18097     4.84436
    -4.17097     5.08948
    -4.16098     5.49813
    -4.15098     6.13507
    -4.14099     6.88162
    -4.13099     7.47548
    -4.12100     6.93542
    -4.11100     7.00809
    -4.10101     6.87176
    -4.09101     6.20523
    -4.08102     5.57783
    -4.07102     5.01138
    -4.06103     4.87284
    -4.05103     4.88226
    -4.04104     5.03124
    -4.03104     5.15051
    -4.02105     5.15102
    -4.01105     5.15018
    -4.00106     5.11408
    -3.99106     4.99398
    -3.98107     4.85993
    -3.97107     4.74180
    -3.96108     4.64232
    -3.95108     4.66020
    -3.94109     4.74956
    -3.93109     4.85337
    -3.92110     4.98517
    -3.91110     5.14512
    -3.90111     5.34692
    -3.89111     5.69092
    -3.88112     5.88149
    -3.87112     6.67361
    -3.86113     8.30736
    -3.85113     9.61068
    -3.84114     9.43358
    -3.83114     7.13441
    -3.82115     6.29547
    -3.81115     5.95964
    -3.80116     5.66301
    -3.79116     5.48729
    -3.78117     5.31393
    -3.77117     5.26639
    -3.76118     5.14326
    -3.75118     5.02103
    -3.74119     4.96731
    -3.73119     4.89306
    -3.72120     4.81991
    -3.71120     4.76688
    -3.70121     4.74672
    -3.69121     4.74614
    -3.68122     4.68699
    -3.67122     4.53747
    -3.66123     4.40545
    -3.65123     4.37944
    -3.64124     4.44590
    -3.63124     4.62655
    -3.62125     4.64362
    -3.61125     4.52647
    -3.60126     4.41915
    -3.59126     4.38358
    -3.58127     4.31727
    -3.57127     4.26221
    -3.56128     4.22861
    -3.55128     4.20817
    -3.54129     4.18181
    -3.53129     4.13735
    -3.52130     4.11772
    -3.51130     4.09245
    -3.50131     4.06577
    -3.49131     4.04592
    -3.48132     4.01228
    -3.47132     3.99457
    -3.46133     3.97088
    -3.45133     3.93577
    -3.44134     3.88772
    -3.43134     3.95291
    -3.42135     3.98609
    -3.41135     4.06114
    -3.40136     4.07021
    -3.39136     4.02110
    -3.38137     3.96054
    -3.37137     3.90576
    -3.36138     3.84032
    -3.35138     3.74217
    -3.34139     3.64889
    -3.33139     3.55276
    -3.32140     3.42109
    -3.31140     3.29496
    -3.30141     3.22025
    -3.29141     3.17572
    -3.28142     3.16009
    -3.27142     3.17372
    -3.26143     3.12725
    -3.25143     3.10237
    -3.24144     3.09040
    -3.23144     3.08187
    -3.22145     3.08960
    -3.21145     3.04510
    -3.20146     3.01765
    -3.19146     2.99739
    -3.18147     2.98580
    -3.17147     2.96771
    -3.16148     2.97670
    -3.15148     2.96651
    -3.14149     2.95661
    -3.13149     3.17572
    -3.12150     3.73647
    -3.11150     4.04499
    -3.10151     3.48355
    -3.09151     3.43093
    -3.08152     3.42653
    -3.07152     3.44022
    -3.06153     3.44777
    -3.05153     3.73977
    -3.04154     4.26134
    -3.03154     4.65156
    -3.02155     4.66081
    -3.01155     4.49066
    -3.00156     4.25323
    -2.99156     4.02112
    -2.98157     3.87771
    -2.97157     3.87973
    -2.96158     3.87128
    -2.95158     3.85574
    -2.94159     3.84017
    -2.93159     3.82565
    -2.92160     3.80881
    -2.91160     3.78718
    -2.90161     3.78632
    -2.89161     3.81727
    -2.88162     3.78756
    -2.87162     3.78235
    -2.86163     3.83957
    -2.85163     3.86629
    -2.84164     3.82536
    -2.83164     3.77186
    -2.82165     3.73420
    -2.81165     3.72824
    -2.80166     3.74234
    -2.79166     3.80605
    -2.78167     3.84129
    -2.77167     3.91113
    -2.76168     4.00518
    -2.75168     4.10545
    -2.74169     4.21985
    -2.73169     4.32021
    -2.72170     4.34105
    -2.71170     4.36913
    -2.70171     4.41680
    -2.69171     4.53341
    -2.68172     4.60052
    -2.67172     4.52693
    -2.66173     4.49614
    -2.65173     4.44815
    -2.64174     4.15634
    -2.63174     4.03807
    -2.62175     3.99768
    -2.61175     3.96990
    -2.60176     3.96799
    -2.59176     4.01700
    -2.58177     4.19550
    -2.57177     4.50771
    -2.56178     5.45762
    -2.55178     6.29300
    -2.54179     7.17918
    -2.53179     9.26673
    -2.52180     8.91676
    -2.51180     8.39369
    -2.50181     7.89872
    -2.49181     8.48776
    -2.48182     7.67636
    -2.47182     7.08419
    -2.46183     6.58365
    -2.45183     6.22193
    -2.44184     5.97631
    -2.43184     5.79613
    -2.42185     5.75682
    -2.41185     5.79276
    -2.40186     5.86453
    -2.39186     5.95567
    -2.38187     6.05182
    -2.37187     6.03670
    -2.36188     5.95212
    -2.35188     5.81615
    -2.34189     5.62617
    -2.33189     5.36715
    -2.32190     5.10079
    -2.31190     4.89096
    -2.30191     4.72825
    -2.29191     4.60815
    -2.28192     4.55718
    -2.27192     4.53710
    -2.26193     4.61096
    -2.25193     4.71087
    -2.24194     4.74164
    -2.23194     4.53437
    -2.22195     4.27288
    -2.21195     4.04432
    -2.20196     3.96311
    -2.19196     3.92221
    -2.18197     3.91828
    -2.17197     3.91970
    -2.16198     3.69963
    -2.15198     2.76954
    -2.14199     2.05770
    -2.13199     1.72729
    -2.12200     1.66933
    -2.11200     1.67312
    -2.10201     1.64942
    -2.09201     1.64105
    -2.08202     1.64520
    -2.07202     1.65274
    -2.06203     1.66304
    -2.05203     1.67480
    -2.04204     1.68679
    -2.03204     1.69923
    -2.02205     1.71266
    -2.01205     1.72742
    -2.00206     1.74355
    -1.99206     1.76103
    -1.98207     1.77987
    -1.97207     1.80006
    -1.96208     1.82131
    -1.95208     1.84419
    -1.94209     1.86983
    -1.93209     1.89081
    -1.92210     1.91065
    -1.91210     1.92974
    -1.90211     1.94688
    -1.89211     1.97207
    -1.88212     2.00626
    -1.87212     2.05111
    -1.86213     2.09307
    -1.85213     2.10985
    -1.84214     2.09413
    -1.83214     2.05884
    -1.82215     2.00558
    -1.81215     1.92686
    -1.80216     1.84576
    -1.79216     1.77600
    -1.78217     1.71894
    -1.77217     1.67333
    -1.76218     1.63720
    -1.75218     1.61491
    -1.74219     1.58633
    -1.73219     1.55254
    -1.72220     1.52267
    -1.71220     1.49128
    -1.70221     1.46482
    -1.69221     1.44505
    -1.68222     1.43217
    -1.67222     1.42033
    -1.66223     1.40913
    -1.65223     1.39833
    -1.64224     1.38792
    -1.63224     1.37817
    -1.62225     1.36910
    -1.61225     1.36071
    -1.60226     1.35301
    -1.59226     1.34598
    -1.58227     1.33965
    -1.57227     1.33399
    -1.56228     1.32888
    -1.55228     1.30642
    -1.54229     1.32798
    -1.53229     1.29307
    -1.52230     1.27324
    -1.51230     1.27237
    -1.50231     1.24040
    -1.49231     1.25799
    -1.48232     1.30020
    -1.47232     1.41170
    -1.46233     1.50551
    -1.45233     1.50644
    -1.44234     1.44034
    -1.43234     1.39337
    -1.42235     1.36652
    -1.41235     1.34437
    -1.40236     1.32652
    -1.39236     1.31199
    -1.38237     1.30070
    -1.37237     1.29258
    -1.36238     1.28655
    -1.35238     1.27545
    -1.34239     1.25706
    -1.33239     1.23688
    -1.32240     1.29871
    -1.31240     1.49503
    -1.30241     1.78936
    -1.29241     2.20943
    -1.28242     2.65359
    -1.27242     3.17719
    -1.26243     4.37051
    -1.25243     6.12569
    -1.24244     7.88264
    -1.23244    10.68366
    -1.22245    13.03296
    -1.21245    15.92117
    -1.20246    16.86689
    -1.19246    18.00970
    -1.18247    19.12664
    -1.17247    14.07494
    -1.16248    12.96175
    -1.15248    12.33362
    -1.14249    11.33413
    -1.13249     8.82381
    -1.12250     7.27862
    -1.11250     4.94643
    -1.10251     3.30966
    -1.09251     2.54029
    -1.08252     2.50042
    -1.07252     2.02674
    -1.06253     1.57750
    -1.05253     1.16809
    -1.04254     0.85631
    -1.03254     0.81985
    -1.02255     0.82712
    -1.01255     0.81386
    -1.00256     0.80008
    -0.99256     0.78630
    -0.98257     0.77250
    -0.97257     0.75869
    -0.96258     0.74486
    -0.95258     0.73102
    -0.94259     0.71717
    -0.93259     0.70330
    -0.92260     0.68943
    -0.91260     0.67553
    -0.90261     0.66163
    -0.89261     0.64771
    -0.88262     0.63378
    -0.87262     0.61983
    -0.86263     0.60588
    -0.85263     0.59190
    -0.84264     0.57792
    -0.83264     0.56392
    -0.82265     0.54991
    -0.81265     0.53589
    -0.80266     0.52185
    -0.79266     0.50780
    -0.78267     0.49373
    -0.77267     0.47965
    -0.76268     0.46556
    -0.75268     0.45146
    -0.74269     0.43734
    -0.73269     0.42321
    -0.72270     0.41170
    -0.71270     0.41732
    -0.70271     0.45975
    -0.69271     0.62632
    -0.68272     0.69571
    -0.67272     0.67947
    -0.66273     0.65227
    -0.65273     0.61910
    -0.64274     0.57995
    -0.63274     0.53484
    -0.62275     0.48376
    -0.61275     0.42670
    -0.60276     0.36368
    -0.59276     0.29468
    -0.58277     0.21972
    -0.57277     0.13878
    -0.56278     0.05188
    -0.55278     0.01515
    -0.54279     0.00569
    -0.53279     0.00106
    -0.52280     0.00015
    -0.51280     0.00002
    -0.50281     0.00000
    -0.49281     0.00000
    -0.48282     0.00000
    -0.47282     0.00000
    -0.46283     0.00000
    -0.45283     0.00000
    -0.44284     0.00000
    -0.43284     0.00000
    -0.42285     0.00000
    -0.41285     0.00000
    -0.40286     0.00000
    -0.39286     0.00000
    -0.38287     0.00000
    -0.37287     0.00000
    -0.36288     0.00000
    -0.35288     0.00000
    -0.34289     0.00000
    -0.33289     0.00000
    -0.32290     0.00000
    -0.31290     0.00000
    -0.30291     0.00000
    -0.29291     0.00000
    -0.28292     0.00000
    -0.27292     0.00000
    -0.26293     0.00000
    -0.25293     0.00000
    -0.24294     0.00000
    -0.23294     0.00000
    -0.22295     0.00000
    -0.21295     0.00000
    -0.20296     0.00000
    -0.19296     0.00000
    -0.18297     0.00000
    -0.17297     0.00000
    -0.16298     0.00000
    -0.15298     0.00000
    -0.14299     0.00000
    -0.13299     0.00000
    -0.12300     0.00000
    -0.11300     0.00000
    -0.10301     0.00000
    -0.09301     0.00000
    -0.08302     0.00000
    -0.07302     0.00000
    -0.06303     0.00000
    -0.05303     0.00000
    -0.04304     0.00000
    -0.03304     0.00000
    -0.02305     0.00000
    -0.01305     0.00000
    -0.00306     0.00000
     0.00694     0.00000
     0.01693     0.00000
     0.02693     0.00000
     0.03692     0.00000
     0.04692     0.00000
     0.05691     0.00000
     0.06691     0.00000
     0.07690     0.00000
     0.08690     0.00000
     0.09689     0.00000
     0.10689     0.00000
     0.11688     0.00000
     0.12688     0.00000
     0.13687     0.00000
     0.14687     0.00000
     0.15686     0.00000
     0.16686     0.00000
     0.17685     0.00000
     0.18685     0.00000
     0.19684     0.00000
     0.20684     0.00000
     0.21683     0.00000
     0.22683     0.00000
     0.23682     0.00000
     0.24682     0.00000
     0.25681     0.00000
     0.26681     0.00000
     0.27680     0.00000
     0.28680     0.00000
     0.29679     0.00000
     0.30679     0.00000
     0.31678     0.00000
     0.32678     0.00000
     0.33677     0.00000
     0.34677     0.00000
     0.35676     0.00000
     0.36676     0.00000
     0.37675     0.00000
     0.38675     0.00000
     0.39674     0.00002
     0.40674     0.00005
     0.41673     0.00010
     0.42673     0.00017
     0.43672     0.00042
     0.44672     0.00090
     0.45671     0.00161
     0.46671     0.00256
     0.47670     0.00376
     0.48670     0.00508
     0.49669     0.00647
     0.50669     0.00793
     0.51668     0.00947
     0.52668     0.01107
     0.53667     0.01275
     0.54667     0.01450
     0.55666     0.01632
     0.56666     0.01821
     0.57665     0.02017
     0.58665     0.02222
     0.59664     0.02438
     0.60664     0.02667
     0.61663     0.02908
     0.62663     0.03154
     0.63662     0.03403
     0.64662     0.03657
     0.65661     0.03917
     0.66661     0.04181
     0.67660     0.04450
     0.68660     0.04725
     0.69659     0.05004
     0.70659     0.05289
     0.71658     0.05579
     0.72658     0.05873
     0.73657     0.06173
     0.74657     0.06478
     0.75656     0.06789
     0.76656     0.07111
     0.77655     0.07446
     0.78655     0.07795
     0.79654     0.08148
     0.80654     0.08504
     0.81653     0.08867
     0.82653     0.09237
     0.83652     0.09613
     0.84652     0.09997
     0.85651     0.10387
     0.86651     0.10784
     0.87650     0.11187
     0.88650     0.11598
     0.89649     0.12015
     0.90649     0.12406
     0.91648     0.12644
     0.92648     0.12907
     0.93647     0.13289
     0.94647     0.13820
     0.95646     0.14260
     0.96646     0.14605
     0.97645     0.15346
     0.98645     0.15982
     0.99644     0.16639
     1.00644     0.17272
     1.01643     0.17909
     1.02643     0.18463
     1.03642     0.18992
     1.04642     0.19496
     1.05641     0.19978
     1.06641     0.20612
     1.07640     0.21560
     1.08640     0.22781
     1.09639     0.24892
     1.10639     0.27551
     1.11638     0.30689
     1.12638     0.34180
     1.13637     0.37886
     1.14637     0.41762
     1.15636     0.45839
     1.16636     0.50176
     1.17635     0.54955
     1.18635     0.59965
     1.19634     0.64940
     1.20634     0.70184
     1.21633     0.75958
     1.22633     0.82190
     1.23632     0.89130
     1.24632     0.95189
     1.25631     1.00004
     1.26631     1.03852
     1.27630     1.07146
     1.28630     1.10441
     1.29629     1.12975
     1.30629     1.15198
     1.31628     1.17207
     1.32628     1.18888
     1.33627     1.20334
     1.34627     1.21762
     1.35626     1.22383
     1.36626     1.22408
     1.37625     1.22897
     1.38625     1.23612
     1.39624     1.24450
     1.40624     1.25536
     1.41623     1.25979
     1.42623     1.26051
     1.43622     1.26377
     1.44622     1.28214
     1.45621     1.29403
     1.46621     1.30394
     1.47620     1.31404
     1.48620     1.33561
     1.49619     1.34833
     1.50619     1.36051
     1.51618     1.37178
     1.52618     1.39127
     1.53617     1.39119
     1.54617     1.39881
     1.55616     1.41420
     1.56616     1.42622
     1.57615     1.44399
     1.58615     1.46748
     1.59614     1.49584
     1.60614     1.52612
     1.61613     1.55671
     1.62613     1.59002
     1.63612     1.62807
     1.64612     1.66407
     1.65611     1.69877
     1.66611     1.73647
     1.67610     1.78758
     1.68610     1.87313
     1.69609     1.88244
     1.70609     1.95595
     1.71608     2.07328
     1.72608     2.24046
     1.73607     2.44092
     1.74607     2.77887
     1.75606     3.20009
     1.76606     3.32545
     1.77605     3.41066
     1.78605     3.47446
     1.79604     3.52637
     1.80604     3.56048
     1.81603     3.57349
     1.82603     3.58278
     1.83602     3.59502
     1.84602     3.60105
     1.85601     3.59916
     1.86601     3.60119
     1.87600     3.60556
     1.88600     3.61231
     1.89599     3.62150
     1.90599     3.63307
     1.91598     3.64691
     1.92598     3.66289
     1.93597     3.67986
     1.94597     3.70323
     1.95596     3.72224
     1.96596     3.74555
     1.97595     3.78269
     1.98595     3.76611
     1.99594     3.72636
     2.00594     3.71783
     2.01593     3.70057
     2.02593     3.70968
     2.03592     3.72411
     2.04592     3.73306
     2.05591     3.70450
     2.06591     3.66384
     2.07590     3.66791
     2.08590     3.64139
     2.09589     3.60951
     2.10589     3.58419
     2.11588     3.67337
     2.12588     3.78302
     2.13587     3.92508
     2.14587     4.06668
     2.15586     4.15137
     2.16586     4.45159
     2.17585     4.42889
     2.18585     3.85912
     2.19584     3.66083
     2.20584     3.40323
     2.21583     3.28313
     2.22583     3.26629
     2.23582     3.28337
     2.24582     3.32112
     2.25581     3.35409
     2.26581     3.39979
     2.27580     3.44664
     2.28580     3.49568
     2.29579     3.54945
     2.30579     3.55611
     2.31578     3.58325
     2.32578     3.71307
     2.33577     3.92755
     2.34577     4.17973
     2.35576     4.46476
     2.36576     4.75476
     2.37575     4.90537
     2.38575     5.16032
     2.39574     5.36526
     2.40574     5.26624
     2.41573     5.03674
     2.42573     4.75300
     2.43572     4.36757
     2.44572     3.80535
     2.45571     3.29179
     2.46571     3.08704
     2.47570     3.88971
     2.48570     4.17130
     2.49569     3.59324
     2.50569     3.06439
     2.51568     2.56643
     2.52568     2.31675
     2.53567     2.14634
     2.54567     2.00082
     2.55566     1.85837
     2.56566     1.72984
     2.57565     1.61567
     2.58565     1.51848
     2.59564     1.44365
     2.60564     1.38457
     2.61563     1.32987
     2.62563     1.36823
     2.63562     1.55494
     2.64562     1.80113
     2.65561     0.13717
     2.66561     0.00903
     2.67560     0.00104
     2.68560     0.00007
     2.69559     0.00000
     2.70559     0.00000
     2.71558     0.00000
     2.72558     0.00000
     2.73557     0.00000
     2.74557     0.00000
     2.75556     0.00000
     2.76556     0.00000
     2.77555     0.00000
     2.78555     0.00000
     2.79554     0.00000
     2.80554     0.00000
     2.81553     0.00000
     2.82553     0.00000
     2.83552     0.00000
     2.84552     0.00010
     2.85551     0.00083
     2.86551     0.00606
     2.87550     0.03399
     2.88550     0.10751
     2.89549     0.21296
     2.90549     0.34958
     2.91548     0.51287
     2.92548     0.65575
     2.93547     0.78716
     2.94547     0.88670
     2.95546     0.96722
     2.96546     1.03345
     2.97545     1.09084
     2.98545     1.14014
     2.99544     1.18552
     3.00544     1.21162
     3.01543     1.23589
     3.02543     1.26097
     3.03542     1.28685
     3.04542     1.31355
     3.05541     1.34104
     3.06541     1.36935
     3.07540     1.39847
     3.08540     1.42839
     3.09539     1.45912
     3.10539     1.49065
     3.11538     1.52300
     3.12538     1.55546
     3.13537     1.58796
     3.14537     1.60050
     3.15536     1.56112
     3.16536     1.62451
     3.17535     1.66751
     3.18535     1.68537
     3.19534     1.99340
     3.20534     3.03951
     3.21533     2.57864
     3.22533     2.37434
     3.23532     2.44047
     3.24532     2.49135
     3.25531     2.56347
     3.26531     2.62629
     3.27530     2.69928
     3.28530     2.78162
     3.29529     2.87408
     3.30529     2.97534
     3.31528     3.06907
     3.32528     3.16181
     3.33527     3.26419
     3.34527     3.37525
     3.35526     3.47895
     3.36526     3.58515
     3.37525     3.65891
     3.38525     3.67491
     3.39524     3.65823
     3.40524     3.61882
     3.41523     3.54463
     3.42523     3.45146
     3.43522     3.36011
     3.44522     3.21191
     3.45521     3.07707
     3.46521     2.97966
     3.47520     2.90202
     3.48520     2.84938
     3.49519     2.83972
     3.50519     2.87446
     3.51518     2.97867
     3.52518     3.15652
     3.53517     3.22888
     3.54517     3.18626
     3.55516     3.12410
     3.56516     3.05432
     3.57515     2.98772
     3.58515     2.96481
     3.59514     2.86678
     3.60514     2.81594
     3.61513     2.74019
     3.62513     3.84264
     3.63512     4.94017
     3.64512     3.22355
     3.65511     2.50164
     3.66511     2.27669
     3.67510     2.15241
     3.68510     2.02253
     3.69509     1.88246
     3.70509     1.73341
     3.71508     1.57672
     3.72508     1.41316
     3.73507     1.24213
     3.74507     1.06331
     3.75506     0.87668
     3.76506     0.68227
     3.77505     0.48938
     3.78505     0.30578
     3.79504     0.17033
     3.80504     0.09633
     3.81503     0.06104
     3.82503     0.06285
     3.83502     0.07065
     3.84502     0.08045
     3.85501     0.09147
     3.86501     0.10348
     3.87500     0.11661
     3.88500     0.13119
     3.89499     0.14841
     3.90499     0.16956
     3.91498     0.19139
     3.92498     0.21249
     3.93497     0.23287
     3.94497     0.25251
     3.95496     0.27143
     3.96496     0.28962
     3.97495     0.30708
     3.98495     0.32381
     3.99494     0.33982
     4.00494     0.35515
     4.01493     0.37255
     4.02493     0.43978
     4.03492     0.52277
     4.04492     0.59711
     4.05491     0.67974
     4.06491     0.77307
     4.07490     0.88483
     4.08490     1.02864
     4.09489     1.16951
     4.10489     1.23898
     4.11488     1.29810
     4.12488     1.38964
     4.13487     1.48838
     4.14487     1.60145
     4.15486     1.71197
     4.16486     1.62206
     4.17485     1.57097
     4.18485     1.50361
     4.19484     1.47546
     4.20484     1.42171
     4.21483     1.43351
     4.22483     1.45753
     4.23482     1.48332
     4.24482     1.51954
     4.25481     1.56209
     4.26481     1.60896
     4.27480     1.66794
     4.28480     1.74721
     4.29479     1.84738
     4.30479     1.95409
     4.31478     2.06240
     4.32478     2.16793
     4.33477     2.26755
     4.34477     2.34778
     4.35476     2.41362
     4.36476     2.46765
     4.37475     2.51177
     4.38475     2.55041
     4.39474     2.62482
     4.40474     2.73768
     4.41473     2.86202
     4.42473     2.90995
     4.43472     3.00397
     4.44472     3.08141
     4.45471     3.15642
     4.46471     3.25054
     4.47470     3.35731
     4.48470     3.40193
     4.49469     3.44830
     4.50469     3.44234
     4.51468     3.41832
     4.52468     3.40258
     4.53467     3.38567
     4.54467     3.36729
     4.55466     3.28256
     4.56466     3.11801
     4.57465     2.98635
     4.58465     2.89680
     4.59464     2.81472
     4.60464     2.74460
     4.61463     2.68653
     4.62463     2.61359
     4.63462     2.56489
     4.64462     2.48041
     4.65461     2.43373
     4.66461     2.40468
     4.67460     2.39314
     4.68460     2.38785
     4.69459     2.37155
     4.70459     2.36095
     4.71458     2.35691
     4.72458     2.35602
     4.73457     2.36484
     4.74457     2.38795
     4.75456     2.42465
     4.76456     2.46414
     4.77455     2.50560
     4.78455     2.55540
     4.79454     2.61244
     4.80454     2.70320
     4.81453     2.80229
     4.82453     2.89261
     4.83452     2.96711
     4.84452     3.01283
     4.85451     3.07700
     4.86451     3.22049
     4.87450     3.47563
     4.88450     3.82945
     4.89449     4.18604
     4.90449     4.49282
     4.91448     4.83109
     4.92448     5.10758
     4.93447     5.61404
     4.94447     6.62290
     4.95446     5.74211
     4.96446     5.01178
     4.97445     4.82835
     4.98445     5.06469
     4.99444     4.99600
     5.00444     4.95277
     5.01443     4.94398
     5.02443     5.04164
     5.03442     5.12725
     5.04442     5.26541
     5.05441     5.43870
     5.06441     5.59157
     5.07440     5.85383
     5.08440     6.28698
     5.09439     6.74681
     5.10439     7.25350
     5.11438     7.92450
     5.12438     8.50392
     5.13437     9.08445
     5.14437     9.68648
     5.15436     9.78038
     5.16436     8.52219
     5.17435     7.83131
     5.18435     7.18626
     5.19434     6.14819
     5.20434     5.77984
     5.21433     5.58147
     5.22433     5.44515
     5.23432     5.20745
     5.24432     4.90979
     5.25431     4.75948
     5.26431     4.03010
     5.27430     3.64005
     5.28430     3.49850
     5.29429     3.43075
     5.30429     3.42026
     5.31428     3.43572
     5.32428     3.45723
     5.33427     3.55764
     5.34427     3.71471
     5.35426     3.86623
     5.36426     4.04617
     5.37425     4.28433
     5.38425     4.59453
     5.39424     5.01146
     5.40424     5.31366
     5.41423     5.46506
     5.42423     5.50358
     5.43422     5.51143
     5.44422     5.48914
     5.45421     5.44489
     5.46421     5.38730
     5.47420     5.30827
     5.48420     5.18649
     5.49419     5.04667
     5.50419     4.91460
     5.51418     4.80330
     5.52418     4.70757
     5.53417     4.62180
     5.54417     4.52976
     5.55416     4.49027
     5.56416     4.68647
     5.57415     4.90612
