    #Energy        TDOS
    #TDOS obtained from EIGENVAL file
   -14.41083     3.10831
   -14.40083     3.61864
   -14.39084     3.46848
   -14.38084     3.04279
   -14.37085     2.52534
   -14.36085     2.30260
   -14.35086     2.22474
   -14.34086     2.12685
   -14.33087     2.02339
   -14.32087     1.97339
   -14.31088     1.96415
   -14.30088     2.08355
   -14.29089     2.14798
   -14.28089     2.20662
   -14.27090     2.34246
   -14.26090     2.44086
   -14.25091     2.28812
   -14.24091     2.17808
   -14.23092     2.18740
   -14.22092     2.16746
   -14.21093     2.14807
   -14.20093     2.13105
   -14.19094     2.11625
   -14.18094     2.10352
   -14.17095     2.09269
   -14.16095     2.08295
   -14.15096     2.07339
   -14.14096     2.06306
   -14.13097     2.05365
   -14.12097     2.04928
   -14.11098     2.05237
   -14.10098     2.10384
   -14.09099     2.11652
   -14.08099     2.09304
   -14.07100     2.02783
   -14.06100     1.91388
   -14.05101     1.76807
   -14.04101     1.58750
   -14.03102     1.38996
   -14.02102     1.20577
   -14.01103     1.06115
   -14.00103     0.99079
   -13.99104     0.98915
   -13.98104     1.00415
   -13.97105     1.01932
   -13.96105     1.03341
   -13.95106     1.04742
   -13.94106     1.06149
   -13.93107     1.07569
   -13.92107     1.09009
   -13.91108     1.10475
   -13.90108     1.11975
   -13.89109     1.13515
   -13.88109     1.15103
   -13.87110     1.16745
   -13.86110     1.18449
   -13.85111     1.20222
   -13.84111     1.22070
   -13.83112     1.24001
   -13.82112     1.26021
   -13.81113     1.27954
   -13.80113     1.27994
   -13.79114     1.26421
   -13.78114     1.27211
   -13.77115     1.31673
   -13.76115     1.35768
   -13.75116     1.39452
   -13.74116     1.42859
   -13.73117     1.46063
   -13.72117     1.49126
   -13.71118     1.52111
   -13.70118     1.55084
   -13.69119     1.58563
   -13.68119     1.62518
   -13.67120     1.66549
   -13.66120     1.70185
   -13.65121     1.73652
   -13.64121     1.77365
   -13.63122     1.81457
   -13.62122     1.85945
   -13.61123     1.90847
   -13.60123     1.96184
   -13.59124     2.01973
   -13.58124     2.08021
   -13.57125     2.12700
   -13.56125     2.16394
   -13.55126     2.26644
   -13.54126     2.50960
   -13.53127     2.75534
   -13.52127     3.23681
   -13.51128     3.77053
   -13.50128     4.37168
   -13.49129     4.30391
   -13.48129     4.60510
   -13.47130     4.92469
   -13.46130     5.29298
   -13.45131     5.72127
   -13.44131     6.17690
   -13.43132     6.59848
   -13.42132     7.68357
   -13.41133    10.23178
   -13.40133    21.13149
   -13.39134    18.77445
   -13.38134    11.68919
   -13.37135     5.98213
   -13.36135     1.68319
   -13.35136     1.48885
   -13.34136     1.48155
   -13.33137     1.50599
   -13.32137     1.53854
   -13.31138     1.56576
   -13.30138     1.59291
   -13.29139     1.62027
   -13.28139     1.64818
   -13.27140     1.67702
   -13.26140     1.70716
   -13.25141     1.73894
   -13.24141     1.77275
   -13.23142     1.80893
   -13.22142     1.84786
   -13.21143     1.88855
   -13.20143     1.88275
   -13.19144     1.85581
   -13.18144     1.91881
   -13.17145     1.97982
   -13.16145     2.03299
   -13.15146     2.08093
   -13.14146     2.12628
   -13.13147     2.17907
   -13.12147     2.24546
   -13.11148     2.30870
   -13.10148     2.36860
   -13.09149     2.43349
   -13.08149     2.50507
   -13.07150     2.58407
   -13.06150     2.67124
   -13.05151     2.76735
   -13.04151     2.87278
   -13.03152     2.94241
   -13.02152     2.96608
   -13.01153     3.17059
   -13.00153     3.42245
   -12.99154     3.64112
   -12.98154     3.87058
   -12.97155     4.14083
   -12.96155     4.46740
   -12.95156     4.83001
   -12.94156     5.17858
   -12.93157     5.71002
   -12.92157     6.62308
   -12.91158     7.95744
   -12.90158    10.00318
   -12.89159     9.26399
   -12.88159     7.74306
   -12.87160     6.84437
   -12.86160     6.21698
   -12.85161     5.64900
   -12.84161     5.51109
   -12.83162     2.66567
   -12.82162     0.07002
   -12.81163     0.00000
   -12.80163     0.00000
   -12.79164     0.00000
   -12.78164     0.00000
   -12.77165     0.00000
   -12.76165     0.00000
   -12.75166     0.00000
   -12.74166     0.00000
   -12.73167     0.00000
   -12.72167     0.00000
   -12.71168     0.00000
   -12.70168     0.00000
   -12.69169     0.00000
   -12.68169     0.00000
   -12.67170     0.00000
   -12.66170     0.00000
   -12.65171     0.00000
   -12.64171     0.00000
   -12.63172     0.00000
   -12.62172     0.00000
   -12.61173     0.00000
   -12.60173     0.00000
   -12.59174     0.00000
   -12.58174     0.00000
   -12.57175     0.00000
   -12.56175     0.00000
   -12.55176     0.00000
   -12.54176     0.00000
   -12.53177     0.00000
   -12.52177     0.00000
   -12.51178     0.00000
   -12.50178     0.00000
   -12.49179     0.00000
   -12.48179     0.00000
   -12.47180     0.00000
   -12.46180     0.00000
   -12.45181     0.00000
   -12.44181     0.00000
   -12.43182     0.00000
   -12.42182     0.00000
   -12.41183     0.00000
   -12.40183     0.00000
   -12.39184     0.00000
   -12.38184     0.00000
   -12.37185     0.00000
   -12.36185     0.00000
   -12.35186     0.00000
   -12.34186     0.00000
   -12.33187     0.00000
   -12.32187     0.00000
   -12.31188     0.00000
   -12.30188     0.00000
   -12.29189     0.00000
   -12.28189     0.00000
   -12.27190     0.00000
   -12.26190     0.00000
   -12.25191     0.00000
   -12.24191     0.00000
   -12.23192     0.00000
   -12.22192     0.00000
   -12.21193     0.00000
   -12.20193     0.00000
   -12.19194     0.00000
   -12.18194     0.00000
   -12.17195     0.00000
   -12.16195     0.00000
   -12.15196     0.00000
   -12.14196     0.00000
   -12.13197     0.00000
   -12.12197     0.00000
   -12.11198     0.00000
   -12.10198     0.00000
   -12.09199     0.00000
   -12.08199     0.00000
   -12.07200     0.00000
   -12.06200     0.00000
   -12.05201     0.00000
   -12.04201     0.00000
   -12.03202     0.00000
   -12.02202     0.00000
   -12.01203     0.00000
   -12.00203     0.00000
   -11.99204     0.00000
   -11.98204     0.00000
   -11.97205     0.00000
   -11.96205     0.00000
   -11.95206     0.00000
   -11.94206     0.00000
   -11.93207     0.00000
   -11.92207     0.00000
   -11.91208     0.00000
   -11.90208     0.00000
   -11.89209     0.00000
   -11.88209     0.00000
   -11.87210     0.00000
   -11.86210     0.00000
   -11.85211     0.00000
   -11.84211     0.00000
   -11.83212     0.00000
   -11.82212     0.00000
   -11.81213     0.00000
   -11.80213     0.00000
   -11.79214     0.00000
   -11.78214     0.00000
   -11.77215     0.00000
   -11.76215     0.00000
   -11.75216     0.00000
   -11.74216     0.00000
   -11.73217     0.00000
   -11.72217     0.00000
   -11.71218     0.00000
   -11.70218     0.00000
   -11.69219     0.00000
   -11.68219     0.00000
   -11.67220     0.00000
   -11.66220     0.00000
   -11.65221     0.00000
   -11.64221     0.00000
   -11.63222     0.00000
   -11.62222     0.00000
   -11.61223     0.00000
   -11.60223     0.00000
   -11.59224     0.00000
   -11.58224     0.00000
   -11.57225     0.00000
   -11.56225     0.00000
   -11.55226     0.00000
   -11.54226     0.00000
   -11.53227     0.00000
   -11.52227     0.00000
   -11.51228     0.00000
   -11.50228     0.00000
   -11.49229     0.00000
   -11.48229     0.00000
   -11.47230     0.00000
   -11.46230     0.00000
   -11.45231     0.00000
   -11.44231     0.00000
   -11.43232     0.00000
   -11.42232     0.00000
   -11.41233     0.00000
   -11.40233     0.00000
   -11.39234     0.00000
   -11.38234     0.00000
   -11.37235     0.00000
   -11.36235     0.00000
   -11.35236     0.00000
   -11.34236     0.00000
   -11.33237     0.00000
   -11.32237     0.00000
   -11.31238     0.00000
   -11.30238     0.00000
   -11.29239     0.00000
   -11.28239     0.00000
   -11.27240     0.00000
   -11.26240     0.00000
   -11.25241     0.00000
   -11.24241     0.00000
   -11.23242     0.00000
   -11.22242     0.00000
   -11.21243     0.00000
   -11.20243     0.00000
   -11.19244     0.00000
   -11.18244     0.00000
   -11.17245     0.00000
   -11.16245     0.00000
   -11.15246     0.00000
   -11.14246     0.00000
   -11.13247     0.00000
   -11.12247     0.00000
   -11.11248     0.00000
   -11.10248     0.00000
   -11.09249     0.00000
   -11.08249     0.00000
   -11.07250     0.00000
   -11.06250     0.00000
   -11.05251     0.00000
   -11.04251     0.00000
   -11.03252     0.00000
   -11.02252     0.00000
   -11.01253     0.00000
   -11.00253     0.00000
   -10.99254     0.00000
   -10.98254     0.00000
   -10.97255     0.00000
   -10.96255     0.00000
   -10.95256     0.00000
   -10.94256     0.00000
   -10.93257     0.00000
   -10.92257     0.00000
   -10.91258     0.00000
   -10.90258     0.00000
   -10.89259     0.00000
   -10.88259     0.00000
   -10.87260     0.00000
   -10.86260     0.00000
   -10.85261     0.00000
   -10.84261     0.00000
   -10.83262     0.00000
   -10.82262     0.00000
   -10.81263     0.00000
   -10.80263     0.00000
   -10.79264     0.00000
   -10.78264     0.00000
   -10.77265     0.00000
   -10.76265     0.00000
   -10.75266     0.00000
   -10.74266     0.00000
   -10.73267     0.00000
   -10.72267     0.00000
   -10.71268     0.00000
   -10.70268     0.00000
   -10.69269     0.00000
   -10.68269     0.00000
   -10.67270     0.00000
   -10.66270     0.00000
   -10.65271     0.00000
   -10.64271     0.00000
   -10.63272     0.00000
   -10.62272     0.00000
   -10.61273     0.00000
   -10.60273     0.00000
   -10.59274     0.00000
   -10.58274     0.00000
   -10.57275     0.00000
   -10.56275     0.00000
   -10.55276     0.00000
   -10.54276     0.00000
   -10.53277     0.00000
   -10.52277     0.00000
   -10.51278     0.00000
   -10.50278     0.00000
   -10.49279     0.00000
   -10.48279     0.00000
   -10.47280     0.00000
   -10.46280     0.00000
   -10.45281     0.00000
   -10.44281     0.00000
   -10.43282     0.00000
   -10.42282     0.00000
   -10.41283     0.00000
   -10.40283     0.00000
   -10.39284     0.00000
   -10.38284     0.00000
   -10.37285     0.00000
   -10.36285     0.00000
   -10.35285     0.00000
   -10.34286     0.00000
   -10.33286     0.00000
   -10.32287     0.00000
   -10.31287     0.00000
   -10.30288     0.00000
   -10.29288     0.00000
   -10.28289     0.00000
   -10.27289     0.00000
   -10.26290     0.00000
   -10.25290     0.00000
   -10.24291     0.00000
   -10.23291     0.00000
   -10.22292     0.00000
   -10.21292     0.00000
   -10.20293     0.00000
   -10.19293     0.00000
   -10.18294     2.09001
   -10.17294    11.49342
   -10.16295    13.41379
   -10.15295    15.53799
   -10.14296    14.97112
   -10.13296    16.35421
   -10.12297    18.35638
   -10.11297    23.76396
   -10.10298    34.65752
   -10.09298    57.34679
   -10.08299    34.24985
   -10.07299    18.25958
   -10.06300    14.36834
   -10.05300    21.28587
   -10.04301    25.54874
   -10.03301    17.29183
   -10.02302    16.89530
   -10.01302    16.31104
   -10.00303    15.38165
    -9.99303    14.84901
    -9.98304    14.59201
    -9.97304    13.93330
    -9.96305    13.81236
    -9.95305    13.32518
    -9.94306    12.49675
    -9.93306    11.35688
    -9.92307    10.36741
    -9.91307    10.85214
    -9.90308    14.27788
    -9.89308    18.47442
    -9.88309    17.87685
    -9.87309    18.60643
    -9.86310    56.45247
    -9.85310    81.04739
    -9.84311    67.91874
    -9.83311    56.36130
    -9.82312    10.02556
    -9.81312    10.22648
    -9.80313    11.09886
    -9.79313    12.37879
    -9.78314    15.59587
    -9.77314    10.93844
    -9.76315     8.53849
    -9.75315     7.42379
    -9.74316     6.54228
    -9.73316     5.82434
    -9.72317     5.16845
    -9.71317     4.69340
    -9.70318     1.00726
    -9.69318     0.00000
    -9.68319     0.00000
    -9.67319     0.00000
    -9.66320     0.00000
    -9.65320     0.00000
    -9.64321     0.00000
    -9.63321     0.00000
    -9.62322     0.00000
    -9.61322     0.00000
    -9.60323     0.00000
    -9.59323     0.00000
    -9.58324     0.00000
    -9.57324     0.00000
    -9.56325     0.00000
    -9.55325     0.00000
    -9.54326     0.00000
    -9.53326     0.00000
    -9.52327     0.00000
    -9.51327     0.00000
    -9.50328     0.00000
    -9.49328     0.00000
    -9.48329     0.00000
    -9.47329     0.00000
    -9.46330     0.00000
    -9.45330     0.00000
    -9.44331     0.00000
    -9.43331     0.00000
    -9.42332     0.00000
    -9.41332     0.00000
    -9.40333     0.00000
    -9.39333     0.00000
    -9.38334     0.00000
    -9.37334     0.00000
    -9.36335     0.00000
    -9.35335     0.00000
    -9.34336     0.00000
    -9.33336     0.00000
    -9.32337     0.00000
    -9.31337     0.00000
    -9.30338     0.00000
    -9.29338     0.00000
    -9.28339     0.00000
    -9.27339     0.00000
    -9.26340     0.00000
    -9.25340     0.00000
    -9.24341     0.00000
    -9.23341     0.00000
    -9.22342     0.00000
    -9.21342     0.00000
    -9.20343     0.00000
    -9.19343     0.00000
    -9.18344     0.00000
    -9.17344     0.00000
    -9.16345     0.00000
    -9.15345     0.00000
    -9.14346     0.00000
    -9.13346     0.00000
    -9.12347     0.00000
    -9.11347     0.00000
    -9.10348     0.00000
    -9.09348     0.00000
    -9.08349     0.00000
    -9.07349     0.00000
    -9.06350     0.00000
    -9.05350     0.00000
    -9.04351     0.00000
    -9.03351     0.00000
    -9.02352     0.00000
    -9.01352     0.00000
    -9.00353     0.00000
    -8.99353     0.00000
    -8.98354     0.00000
    -8.97354     0.00000
    -8.96355     0.00000
    -8.95355     0.00000
    -8.94356     0.00000
    -8.93356     0.00000
    -8.92357     0.00000
    -8.91357     0.00000
    -8.90358     0.00000
    -8.89358     0.00000
    -8.88359     0.00000
    -8.87359     0.00000
    -8.86360     0.00000
    -8.85360     0.00000
    -8.84361     0.00000
    -8.83361     0.00000
    -8.82362     0.00000
    -8.81362     0.00000
    -8.80363     0.00000
    -8.79363    -0.00000
    -8.78364    -0.00000
    -8.77364     0.00011
    -8.76365     0.00086
    -8.75365     0.00392
    -8.74366     0.01401
    -8.73366     0.04296
    -8.72367     0.10985
    -8.71367     0.21681
    -8.70368     0.36439
    -8.69368     0.55312
    -8.68369     0.78354
    -8.67369     1.06529
    -8.66370     1.42037
    -8.65370     1.70189
    -8.64371     1.72217
    -8.63371     1.94703
    -8.62372     2.11097
    -8.61372     2.22610
    -8.60373     2.33128
    -8.59373     2.43028
    -8.58374     2.51620
    -8.57374     2.60882
    -8.56375     2.86762
    -8.55375     3.19453
    -8.54376     3.46400
    -8.53376     3.67190
    -8.52377     3.82258
    -8.51377     3.91458
    -8.50378     3.92502
    -8.49378     3.91026
    -8.48379     3.95529
    -8.47379     3.50030
    -8.46380     3.02909
    -8.45380     2.55415
    -8.44381     2.23087
    -8.43381     2.04928
    -8.42382     1.93352
    -8.41382     1.81475
    -8.40383     1.72634
    -8.39383     1.68560
    -8.38384     1.64811
    -8.37384     1.63076
    -8.36385     1.60941
    -8.35385     1.58192
    -8.34386     1.55597
    -8.33386     1.53156
    -8.32387     1.50869
    -8.31387     1.48737
    -8.30388     1.46759
    -8.29388     1.44936
    -8.28389     1.43268
    -8.27389     1.41755
    -8.26390     1.40398
    -8.25390     1.39196
    -8.24391     1.38150
    -8.23391     1.37259
    -8.22392     1.36526
    -8.21392     1.35949
    -8.20393     1.35502
    -8.19393     1.35051
    -8.18394     1.34389
    -8.17394     1.33564
    -8.16395     1.32714
    -8.15395     1.33111
    -8.14396     1.34567
    -8.13396     1.42140
    -8.12397     1.50275
    -8.11397     1.60800
    -8.10398     1.78343
    -8.09398     2.01646
    -8.08399     2.29333
    -8.07399     2.57367
    -8.06400     2.83043
    -8.05400     3.06091
    -8.04401     3.46057
    -8.03401     4.15522
    -8.02402     4.94940
    -8.01402    12.35454
    -8.00403    14.44371
    -7.99403    13.61482
    -7.98404    15.10125
    -7.97404    17.14591
    -7.96405    15.47477
    -7.95405    11.57816
    -7.94406    11.21385
    -7.93406    20.72863
    -7.92407    48.48641
    -7.91407    37.43434
    -7.90408    29.51255
    -7.89408    20.54648
    -7.88409    23.34082
    -7.87409    32.15251
    -7.86410    41.22636
    -7.85410    98.83245
    -7.84411    18.14888
    -7.83411     2.79163
    -7.82412     2.22214
    -7.81412     1.90318
    -7.80413     1.50888
    -7.79413     1.08722
    -7.78414     0.76101
    -7.77414     1.21237
    -7.76415     6.05238
    -7.75415    46.61203
    -7.74416    80.32103
    -7.73416    12.32438
    -7.72417     7.82419
    -7.71417     6.57150
    -7.70418     5.86626
    -7.69418     5.68758
    -7.68419     7.03940
    -7.67419    12.79691
    -7.66420    19.74727
    -7.65420   108.23673
    -7.64421    40.52431
    -7.63421    26.47645
    -7.62422    19.31645
    -7.61422     7.00996
    -7.60423     7.89226
    -7.59423     8.88803
    -7.58424    10.01069
    -7.57424     9.28692
    -7.56425     8.80960
    -7.55425     8.79401
    -7.54426     8.46037
    -7.53426     8.14402
    -7.52427     7.32976
    -7.51427     6.97562
    -7.50428     7.10466
    -7.49428     7.26277
    -7.48429     6.22282
    -7.47429     5.33369
    -7.46430     4.83370
    -7.45430     4.93636
    -7.44431     6.60425
    -7.43431     7.50308
    -7.42432     8.48235
    -7.41432     7.74627
    -7.40433     6.97238
    -7.39433     6.71628
    -7.38434     6.47770
    -7.37434     6.20913
    -7.36435     5.91560
    -7.35435     5.63537
    -7.34436     5.05300
    -7.33436     4.79788
    -7.32437     7.73014
    -7.31437     9.19938
    -7.30438     6.75582
    -7.29438     3.09687
    -7.28439     2.46150
    -7.27439     2.20791
    -7.26440     2.12835
    -7.25440     2.04633
    -7.24441     1.96536
    -7.23441     1.88880
    -7.22442     1.81660
    -7.21442     1.74871
    -7.20443     1.68506
    -7.19443     1.62562
    -7.18444     1.57031
    -7.17444     1.51910
    -7.16445     1.47192
    -7.15445     1.42885
    -7.14446     1.39012
    -7.13446     1.35603
    -7.12447     1.32744
    -7.11447     1.30623
    -7.10448     1.29905
    -7.09448     1.32824
    -7.08449     1.45793
    -7.07449     1.78628
    -7.06450     2.40407
    -7.05450     4.24255
    -7.04451     5.83905
    -7.03451    12.08233
    -7.02452     6.03363
    -7.01452     5.73944
    -7.00453     5.42405
    -6.99453     5.07838
    -6.98454     4.72764
    -6.97454     4.40443
    -6.96455     4.10606
    -6.95455     3.83314
    -6.94456     3.58559
    -6.93456     3.36992
    -6.92457     3.19139
    -6.91457     3.04805
    -6.90458     2.93930
    -6.89458     2.84688
    -6.88459     2.76181
    -6.87459     2.67916
    -6.86460     2.59555
    -6.85460     2.51759
    -6.84461     2.45899
    -6.83461     2.41463
    -6.82462     2.37980
    -6.81462     2.34363
    -6.80463     2.31773
    -6.79463     2.29277
    -6.78464     2.25636
    -6.77464     2.21929
    -6.76465     2.18341
    -6.75465     2.14892
    -6.74466     2.11652
    -6.73466     2.08610
    -6.72467     2.05766
    -6.71467     2.03104
    -6.70468     2.00580
    -6.69468     1.98188
    -6.68469     1.95927
    -6.67469     1.93793
    -6.66470     1.91784
    -6.65470     1.89896
    -6.64471     1.88130
    -6.63471     1.86482
    -6.62472     1.84950
    -6.61472     1.83651
    -6.60473     1.85402
    -6.59473     1.87187
    -6.58474     1.88522
    -6.57474     1.89836
    -6.56475     1.91414
    -6.55475     1.93419
    -6.54476     1.95826
    -6.53476     1.98035
    -6.52477     2.00047
    -6.51477     2.02049
    -6.50478     2.04160
    -6.49478     2.06741
    -6.48479     2.08910
    -6.47479     2.10601
    -6.46480     2.12356
    -6.45480     2.14178
    -6.44481     2.16027
    -6.43481     2.17903
    -6.42482     2.19804
    -6.41482     2.21732
    -6.40483     2.23684
    -6.39483     2.25661
    -6.38484     2.27662
    -6.37484     2.29619
    -6.36485     2.31447
    -6.35485     2.33647
    -6.34486     2.38583
    -6.33486     2.63149
    -6.32487     3.24500
    -6.31487     3.10705
    -6.30488     2.94648
    -6.29488     3.01261
    -6.28489     2.60089
    -6.27489     2.38200
    -6.26490     2.30664
    -6.25490     2.33277
    -6.24491     2.33524
    -6.23491     2.43628
    -6.22492     2.32236
    -6.21492     2.13502
    -6.20493     2.11526
    -6.19493     2.10136
    -6.18494     2.10348
    -6.17494     2.10756
    -6.16495     2.10472
    -6.15495     2.12134
    -6.14496     2.11264
    -6.13496     2.06636
    -6.12497     2.00770
    -6.11497     1.98398
    -6.10498     2.00884
    -6.09498     2.02593
    -6.08499     2.02734
    -6.07499     2.04984
    -6.06500     2.08539
    -6.05500     2.09488
    -6.04501     2.07256
    -6.03501     2.05328
    -6.02502     2.05602
    -6.01502     2.10008
    -6.00503     2.18345
    -5.99503     2.25288
    -5.98504     2.40254
    -5.97504     2.61245
    -5.96505     2.89213
    -5.95505     3.22743
    -5.94506     3.63259
    -5.93506     4.13229
    -5.92507     4.75643
    -5.91507     5.51009
    -5.90508     6.34694
    -5.89508     7.01179
    -5.88509     8.09642
    -5.87509     7.89073
    -5.86510     7.17389
    -5.85510     6.25157
    -5.84511     5.30768
    -5.83511     4.66385
    -5.82512     4.11477
    -5.81512     3.64758
    -5.80513     3.26239
    -5.79513     2.96639
    -5.78514     2.76484
    -5.77514     2.52034
    -5.76515     2.39120
    -5.75515     2.28337
    -5.74516     2.15936
    -5.73516     2.04718
    -5.72517     2.00903
    -5.71517     2.16602
    -5.70518     2.41056
    -5.69518     2.67656
    -5.68519     2.94805
    -5.67519     3.21538
    -5.66520     3.48014
    -5.65520     3.74315
    -5.64521     4.00080
    -5.63521     4.24694
    -5.62522     4.47519
    -5.61522     4.60278
    -5.60523     4.67041
    -5.59523     5.04409
    -5.58524     6.06799
    -5.57524     4.57701
    -5.56525     4.68118
    -5.55525     4.76198
    -5.54526     4.77831
    -5.53526     4.80117
    -5.52527     4.93436
    -5.51527     5.13986
    -5.50528     5.28353
    -5.49528     5.28526
    -5.48529     5.22923
    -5.47529     5.13468
    -5.46530     5.03831
    -5.45530     4.96484
    -5.44531     4.88956
    -5.43531     4.82094
    -5.42532     4.76333
    -5.41532     4.72418
    -5.40533     4.70165
    -5.39533     4.69045
    -5.38534     4.69856
    -5.37534     4.73621
    -5.36535     4.81945
    -5.35535     4.98506
    -5.34536     5.39025
    -5.33536     5.52977
    -5.32537     5.61400
    -5.31537     5.63549
    -5.30538     5.52550
    -5.29538     5.59232
    -5.28539     5.57102
    -5.27539     5.57327
    -5.26540     5.61737
    -5.25540     5.57960
    -5.24541     5.56631
    -5.23541     5.54138
    -5.22542     5.55295
    -5.21542     5.59113
    -5.20543     5.61938
    -5.19543     5.66596
    -5.18544     5.73291
    -5.17544     5.77110
    -5.16545     5.81872
    -5.15545     5.92598
    -5.14546     6.03917
    -5.13546     6.14847
    -5.12547     6.24480
    -5.11547     6.32484
    -5.10548     6.44336
    -5.09548     6.49567
    -5.08549     6.46080
    -5.07549     6.42359
    -5.06550     6.55694
    -5.05550     6.67165
    -5.04551     6.65512
    -5.03551     6.57428
    -5.02552     6.34374
    -5.01552     6.21321
    -5.00553     6.16359
    -4.99553     6.11444
    -4.98554     5.96730
    -4.97554     5.84249
    -4.96555     5.73616
    -4.95555     5.63518
    -4.94556     5.55132
    -4.93556     5.48755
    -4.92557     5.43200
    -4.91557     5.38260
    -4.90558     5.33928
    -4.89558     5.29745
    -4.88559     5.25701
    -4.87559     5.22003
    -4.86560     5.18632
    -4.85560     5.15486
    -4.84561     5.12216
    -4.83561     5.08692
    -4.82562     5.05088
    -4.81562     5.01956
    -4.80563     5.00239
    -4.79563     4.97269
    -4.78564     4.92092
    -4.77564     4.84965
    -4.76565     4.80180
    -4.75565     4.75981
    -4.74566     4.72832
    -4.73566     4.71993
    -4.72567     4.74123
    -4.71567     4.76961
    -4.70568     4.83422
    -4.69568     4.91391
    -4.68569     4.98933
    -4.67569     5.06388
    -4.66570     5.16032
    -4.65570     5.27980
    -4.64571     5.41775
    -4.63571     5.56185
    -4.62572     5.76261
    -4.61572     6.06346
    -4.60573     6.35364
    -4.59573     6.47255
    -4.58574     6.46142
    -4.57574     6.39314
    -4.56575     6.27713
    -4.55575     6.20200
    -4.54576     6.17347
    -4.53576     6.17328
    -4.52577     6.17712
    -4.51577     6.13088
    -4.50578     6.11645
    -4.49578     6.09973
    -4.48579     6.09436
    -4.47579     6.09848
    -4.46580     6.12001
    -4.45580     6.13122
    -4.44581     6.12058
    -4.43581     6.09777
    -4.42582     6.07069
    -4.41582     6.04420
    -4.40583     6.02339
    -4.39583     6.01382
    -4.38584     6.00703
    -4.37584     6.00061
    -4.36585     5.99251
    -4.35585     5.98021
    -4.34586     5.96139
    -4.33586     5.93012
    -4.32587     5.89639
    -4.31587     5.85909
    -4.30588     5.82342
    -4.29588     5.79249
    -4.28589     5.76222
    -4.27589     5.73173
    -4.26590     5.70988
    -4.25590     5.69800
    -4.24591     5.68505
    -4.23591     5.66915
    -4.22592     5.64066
    -4.21592     5.60193
    -4.20593     5.81680
    -4.19593     5.75271
    -4.18594     5.67671
    -4.17594     5.55413
    -4.16595     5.38095
    -4.15595     5.22858
    -4.14596     5.29828
    -4.13596     5.22460
    -4.12597     5.05155
    -4.11597     4.97657
    -4.10598     5.00362
    -4.09598     5.08695
    -4.08599     5.25625
    -4.07599     5.56802
    -4.06600     5.99370
    -4.05600     6.51472
    -4.04601     6.95909
    -4.03601     7.24134
    -4.02602     7.21184
    -4.01602     6.89818
    -4.00603     6.84454
    -3.99603     6.88025
    -3.98604     6.91632
    -3.97604     6.80587
    -3.96605     6.59994
    -3.95605     6.50005
    -3.94606     6.35536
    -3.93606     6.23392
    -3.92607     6.10893
    -3.91607     5.96208
    -3.90608     5.79214
    -3.89608     5.82071
    -3.88609     5.86193
    -3.87609     5.80080
    -3.86610     5.65706
    -3.85610     5.49811
    -3.84611     5.39521
    -3.83611     5.29677
    -3.82612     5.20468
    -3.81612     5.05886
    -3.80613     4.93686
    -3.79613     4.82979
    -3.78614     4.72811
    -3.77614     4.61830
    -3.76615     4.50466
    -3.75615     4.41194
    -3.74616     4.35000
    -3.73616     4.30163
    -3.72617     4.32316
    -3.71617     4.31602
    -3.70618     4.30791
    -3.69618     4.30752
    -3.68619     4.30687
    -3.67619     4.31064
    -3.66620     4.28495
    -3.65620     4.24895
    -3.64621     4.22154
    -3.63621     4.20650
    -3.62622     4.19794
    -3.61622     4.18929
    -3.60623     4.18152
    -3.59623     4.18143
    -3.58624     4.21941
    -3.57624     4.36591
    -3.56625     4.61870
    -3.55625     4.81884
    -3.54626     5.02060
    -3.53626     5.22881
    -3.52627     5.40009
    -3.51627     5.54552
    -3.50628     5.68687
    -3.49628     5.82870
    -3.48629     5.94516
    -3.47629     6.03116
    -3.46630     6.09497
    -3.45630     6.12855
    -3.44631     6.09884
    -3.43631     6.00710
    -3.42632     5.85611
    -3.41632     5.70699
    -3.40633     5.53742
    -3.39633     5.36254
    -3.38634     5.21663
    -3.37634     5.08801
    -3.36635     4.97945
    -3.35635     4.88121
    -3.34636     4.77904
    -3.33636     4.80501
    -3.32637     4.83445
    -3.31637     4.80702
    -3.30638     4.68257
    -3.29638     4.51201
    -3.28639     4.31957
    -3.27639     4.16715
    -3.26640     4.07851
    -3.25640     3.94767
    -3.24641     3.80892
    -3.23641     3.71356
    -3.22642     3.64537
    -3.21642     3.59298
    -3.20643     3.55339
    -3.19643     3.52799
    -3.18644     3.46854
    -3.17644     3.43106
    -3.16645     3.44697
    -3.15645     3.46164
    -3.14646     3.41012
    -3.13646     3.33436
    -3.12647     3.29349
    -3.11647     3.26546
    -3.10648     3.24299
    -3.09648     3.22475
    -3.08649     3.21246
    -3.07649     3.20253
    -3.06650     3.19615
    -3.05650     3.20283
    -3.04651     3.21660
    -3.03651     3.20873
    -3.02652     3.17493
    -3.01652     3.14182
    -3.00653     3.11220
    -2.99653     3.08724
    -2.98654     3.07395
    -2.97654     3.09981
    -2.96655     3.11919
    -2.95655     3.08350
    -2.94656     3.04583
    -2.93656     3.01280
    -2.92657     2.98867
    -2.91657     2.98505
    -2.90658     2.98943
    -2.89658     2.99762
    -2.88659     3.00919
    -2.87659     3.02353
    -2.86660     3.04036
    -2.85660     3.05955
    -2.84661     3.08104
    -2.83661     3.10478
    -2.82662     3.13055
    -2.81662     3.15785
    -2.80663     3.18515
    -2.79663     3.21266
    -2.78664     3.24231
    -2.77664     3.27619
    -2.76665     3.31893
    -2.75665     3.37175
    -2.74666     3.43393
    -2.73666     3.50117
    -2.72667     3.56862
    -2.71667     3.63902
    -2.70668     3.71196
    -2.69668     3.82205
    -2.68669     4.10255
    -2.67669     4.33805
    -2.66670     4.54787
    -2.65670     4.61970
    -2.64671     4.86013
    -2.63671     4.98130
    -2.62672     4.80575
    -2.61672     4.94520
    -2.60673     5.17363
    -2.59673     5.06600
    -2.58674     5.23628
    -2.57674     5.27564
    -2.56675     5.18739
    -2.55675     4.94585
    -2.54676     4.25373
    -2.53676     3.99277
    -2.52677     3.78232
    -2.51677     3.65489
    -2.50678     3.59561
    -2.49678     3.58704
    -2.48679     3.59142
    -2.47679     3.57060
    -2.46680     3.54271
    -2.45680     3.51068
    -2.44681     3.47523
    -2.43681     3.43218
    -2.42682     3.38801
    -2.41682     3.39190
    -2.40683     3.38272
    -2.39683     3.36469
    -2.38684     3.35238
    -2.37684     3.36240
    -2.36685     3.39509
    -2.35685     3.48082
    -2.34686     3.61844
    -2.33686     3.72821
    -2.32687     3.74447
    -2.31687     3.75243
    -2.30688     3.75802
    -2.29688     3.82470
    -2.28689     4.00392
    -2.27689     4.21087
    -2.26690     4.29708
    -2.25690     4.41466
    -2.24691     4.67641
    -2.23691     4.96759
    -2.22692     5.41999
    -2.21692     5.93191
    -2.20693     6.39312
    -2.19693     6.69976
    -2.18694     6.46589
    -2.17694     6.20929
    -2.16695     6.04229
    -2.15695     5.84074
    -2.14696     5.57799
    -2.13696     5.39261
    -2.12697     5.30301
    -2.11697     5.32439
    -2.10698     5.50955
    -2.09698     5.92877
    -2.08699     6.36694
    -2.07699     6.73309
    -2.06700     7.00655
    -2.05700     7.09139
    -2.04701     7.06150
    -2.03701     6.96894
    -2.02702     6.80027
    -2.01702     6.59223
    -2.00703     6.34734
    -1.99703     6.08243
    -1.98704     5.82612
    -1.97704     5.56065
    -1.96705     5.28786
    -1.95705     5.01839
    -1.94706     4.78902
    -1.93706     4.59544
    -1.92707     4.41503
    -1.91707     4.25638
    -1.90708     4.12557
    -1.89708     4.01742
    -1.88709     3.92089
    -1.87709     3.83100
    -1.86710     3.74718
    -1.85710     3.66948
    -1.84711     3.59585
    -1.83711     3.52778
    -1.82712     3.46349
    -1.81712     3.40683
    -1.80713     3.41538
    -1.79713     3.46966
    -1.78714     3.55352
    -1.77714     3.62513
    -1.76715     3.66526
    -1.75715     3.67956
    -1.74716     3.69009
    -1.73716     3.68660
    -1.72717     3.66329
    -1.71717     3.61938
    -1.70718     3.55763
    -1.69718     3.47797
    -1.68719     3.37808
    -1.67719     3.25397
    -1.66720     3.12696
    -1.65720     2.99191
    -1.64721     2.85645
    -1.63721     2.75073
    -1.62722     2.80628
    -1.61722     2.72438
    -1.60723     2.59065
    -1.59723     2.44640
    -1.58724     2.40558
    -1.57724     2.37149
    -1.56725     2.33431
    -1.55725     2.29375
    -1.54726     2.24982
    -1.53726     2.20261
    -1.52727     2.15213
    -1.51727     2.09841
    -1.50728     2.04190
    -1.49728     1.98440
    -1.48729     1.92774
    -1.47729     1.87266
    -1.46730     1.82271
    -1.45730     1.78108
    -1.44731     1.74673
    -1.43731     1.71683
    -1.42732     1.68818
    -1.41732     1.65814
    -1.40733     1.62707
    -1.39733     1.59672
    -1.38734     1.56740
    -1.37734     1.53882
    -1.36735     1.51101
    -1.35735     1.48430
    -1.34736     1.46429
    -1.33736     1.46151
    -1.32737     1.49817
    -1.31737     1.61824
    -1.30738     1.83843
    -1.29738     2.15035
    -1.28739     2.60258
    -1.27739     3.27050
    -1.26740     5.70353
    -1.25740    12.07398
    -1.24741    13.53271
    -1.23741    12.52727
    -1.22742    10.87282
    -1.21742     9.53268
    -1.20743     8.47043
    -1.19743     7.67652
    -1.18744     7.05112
    -1.17744     6.71805
    -1.16745     6.53331
    -1.15745     6.44097
    -1.14746     6.21144
    -1.13746     6.02748
    -1.12747     5.95748
    -1.11747     5.76888
    -1.10748     5.68207
    -1.09748     5.64322
    -1.08749     5.75119
    -1.07749     5.88527
    -1.06750     5.84471
    -1.05750     5.76427
    -1.04751     5.71587
    -1.03751     5.71925
    -1.02752     5.76380
    -1.01752     5.85830
    -1.00753     5.75008
    -0.99753     5.14986
    -0.98754     3.47126
    -0.97754     3.03479
    -0.96755     2.65968
    -0.95755     2.38341
    -0.94756     2.23390
    -0.93756     2.11913
    -0.92757     2.00767
    -0.91757     1.87838
    -0.90758     1.70044
    -0.89758     1.30751
    -0.88759     1.10086
    -0.87759     1.05839
    -0.86760     0.99248
    -0.85760     0.96338
    -0.84761     0.93992
    -0.83761     0.91654
    -0.82762     0.89354
    -0.81762     0.87091
    -0.80763     0.84867
    -0.79763     0.82683
    -0.78764     0.80538
    -0.77764     0.78434
    -0.76765     0.76370
    -0.75765     0.74348
    -0.74766     0.72367
    -0.73766     0.70429
    -0.72767     0.68533
    -0.71767     0.66681
    -0.70768     0.64873
    -0.69768     0.63110
    -0.68769     0.61391
    -0.67769     0.59718
    -0.66770     0.58091
    -0.65770     0.56510
    -0.64771     0.54977
    -0.63771     0.53491
    -0.62772     0.52053
    -0.61772     0.50664
    -0.60773     0.49323
    -0.59773     0.48033
    -0.58774     0.46793
    -0.57774     0.45641
    -0.56775     0.43958
    -0.55775     0.45183
    -0.54776     0.71728
    -0.53776     0.48174
    -0.52777     0.36462
    -0.51777     0.31211
    -0.50778     0.26040
    -0.49778     0.21061
    -0.48779     0.16387
    -0.47779     0.12127
    -0.46780     0.08395
    -0.45780     0.05301
    -0.44781     0.02958
    -0.43781     0.01476
    -0.42782     0.00772
    -0.41782     0.00408
    -0.40783     0.00234
    -0.39783     0.00146
    -0.38784     0.00089
    -0.37784     0.00048
    -0.36785     0.00022
    -0.35785     0.00009
    -0.34786     0.00002
    -0.33786     0.00000
    -0.32787     0.00000
    -0.31787     0.00000
    -0.30788     0.00000
    -0.29788     0.00000
    -0.28789     0.00000
    -0.27789     0.00000
    -0.26790     0.00000
    -0.25790     0.00000
    -0.24791     0.00000
    -0.23791     0.00000
    -0.22792     0.00000
    -0.21792     0.00000
    -0.20793     0.00000
    -0.19793     0.00000
    -0.18794     0.00000
    -0.17794     0.00000
    -0.16795     0.00000
    -0.15795     0.00000
    -0.14796     0.00000
    -0.13796     0.00000
    -0.12797     0.00000
    -0.11797     0.00000
    -0.10798     0.00000
    -0.09798     0.00000
    -0.08799     0.00000
    -0.07799     0.00000
    -0.06800     0.00000
    -0.05800     0.00000
    -0.04801     0.00000
    -0.03801     0.00000
    -0.02802     0.00000
    -0.01802     0.00000
    -0.00803     0.00000
     0.00197     0.00000
     0.01196     0.00000
     0.02196     0.00000
     0.03195     0.00000
     0.04195     0.00000
     0.05194     0.00000
     0.06194     0.00000
     0.07193     0.00000
     0.08193     0.00000
     0.09192     0.00000
     0.10192     0.00000
     0.11191     0.00000
     0.12191     0.00000
     0.13190     0.00000
     0.14190     0.00000
     0.15189     0.00000
     0.16189     0.00000
     0.17188     0.00000
     0.18188     0.00000
     0.19187     0.00000
     0.20187     0.00000
     0.21186     0.00000
     0.22186     0.00000
     0.23185     0.00000
     0.24185     0.00000
     0.25184     0.00001
     0.26184     0.00002
     0.27183     0.00005
     0.28183     0.00010
     0.29182     0.00017
     0.30182     0.00030
     0.31181     0.00047
     0.32181     0.00069
     0.33180     0.00098
     0.34180     0.00134
     0.35179     0.00176
     0.36179     0.00225
     0.37178     0.00280
     0.38178     0.00342
     0.39177     0.00411
     0.40177     0.00490
     0.41176     0.00579
     0.42176     0.00678
     0.43175     0.00789
     0.44175     0.00911
     0.45174     0.01045
     0.46174     0.01190
     0.47173     0.01346
     0.48173     0.01512
     0.49172     0.01688
     0.50172     0.01875
     0.51171     0.02074
     0.52171     0.02287
     0.53170     0.02515
     0.54170     0.02759
     0.55169     0.03022
     0.56169     0.03303
     0.57168     0.03601
     0.58168     0.03916
     0.59167     0.04246
     0.60167     0.04593
     0.61166     0.04958
     0.62166     0.05344
     0.63165     0.05752
     0.64165     0.06186
     0.65164     0.06651
     0.66164     0.07146
     0.67163     0.07671
     0.68163     0.08229
     0.69162     0.08819
     0.70162     0.09439
     0.71161     0.10105
     0.72161     0.12202
     0.73160     0.16305
     0.74160     0.14638
     0.75159     0.13522
     0.76159     0.17464
     0.77158     0.18957
     0.78158     0.16789
     0.79157     0.16350
     0.80157     0.17263
     0.81156     0.18737
     0.82156     0.22835
     0.83155     0.23271
     0.84155     0.21603
     0.85154     0.21277
     0.86154     0.22052
     0.87153     0.23062
     0.88153     0.26547
     0.89152     0.29229
     0.90152     0.26368
     0.91151     0.25923
     0.92151     0.29027
     0.93150     0.35161
     0.94150     0.27643
     0.95149     0.28538
     0.96149     0.29219
     0.97148     0.29797
     0.98148     0.30397
     0.99147     0.31017
     1.00147     0.31653
     1.01146     0.32304
     1.02146     0.32972
     1.03145     0.33659
     1.04145     0.34370
     1.05144     0.35123
     1.06144     0.35951
     1.07143     0.36901
     1.08143     0.38042
     1.09142     0.39404
     1.10142     0.41033
     1.11141     0.42966
     1.12141     0.45235
     1.13140     0.47903
     1.14140     0.51012
     1.15139     0.54599
     1.16139     0.58711
     1.17138     0.63319
     1.18138     0.68425
     1.19137     0.74020
     1.20137     0.80088
     1.21136     0.86630
     1.22136     0.93629
     1.23135     1.01058
     1.24135     1.08907
     1.25134     1.17120
     1.26134     1.25739
     1.27133     1.34921
     1.28133     1.44737
     1.29132     1.54415
     1.30132     1.64392
     1.31131     1.78189
     1.32131     1.93057
     1.33130     2.08045
     1.34130     2.27513
     1.35129     2.42968
     1.36129     2.57589
     1.37128     2.70341
     1.38128     2.81199
     1.39127     2.92799
     1.40127     3.05589
     1.41126     3.15093
     1.42126     3.23867
     1.43125     3.29305
     1.44125     3.34768
     1.45124     3.41318
     1.46124     3.47698
     1.47123     3.52398
     1.48123     3.55357
     1.49122     3.56665
     1.50122     3.56653
     1.51121     3.55531
     1.52121     3.53314
     1.53120     3.49919
     1.54120     3.45166
     1.55119     3.39499
     1.56119     3.33712
     1.57118     3.26504
     1.58118     3.17033
     1.59117     3.06239
     1.60117     3.04358
     1.61116     3.29004
     1.62116     3.17309
     1.63115     2.60188
     1.64115     2.54516
     1.65114     2.54142
     1.66114     2.53983
     1.67113     2.54034
     1.68113     2.54311
     1.69112     2.54738
     1.70112     2.55270
     1.71111     2.55900
     1.72111     2.56616
     1.73110     2.57415
     1.74110     2.58296
     1.75109     2.59259
     1.76109     2.60276
     1.77108     2.82712
     1.78108     2.62338
     1.79107     2.87698
     1.80107     2.64964
     1.81106     2.66699
     1.82106     2.86467
     1.83105     2.69540
     1.84105     2.70404
     1.85104     2.71229
     1.86104     2.81666
     1.87103     2.66917
     1.88103     2.66005
     1.89102     2.65065
     1.90102     2.64367
     1.91101     2.64685
     1.92101     2.65294
     1.93100     2.65277
     1.94100     2.61502
     1.95099     2.55089
     1.96099     2.60705
     1.97098     2.92479
     1.98098     3.06410
     1.99097     2.75094
     2.00097     2.67794
     2.01096     2.72020
     2.02096     2.74042
     2.03095     2.74810
     2.04095     2.74806
     2.05094     2.74076
     2.06094     2.72654
     2.07093     2.70578
     2.08093     2.67894
     2.09092     2.64691
     2.10092     2.61131
     2.11091     2.57737
     2.12091     2.54904
     2.13090     2.52446
     2.14090     2.50605
     2.15089     2.49418
     2.16089     2.48887
     2.17088     2.49462
     2.18088     2.50780
     2.19087     2.55658
     2.20087     2.67391
     2.21086     2.82370
     2.22086     2.98763
     2.23085     3.16592
     2.24085     3.36132
     2.25084     3.56967
     2.26084     3.79402
     2.27083     4.03585
     2.28083     4.27057
     2.29082     4.46662
     2.30082     4.62625
     2.31081     4.81814
     2.32081     5.15736
     2.33080     5.23698
     2.34080     5.46833
     2.35079     5.41041
     2.36079     5.29137
     2.37078     5.18494
     2.38078     5.12203
     2.39077     5.06555
     2.40077     4.98982
     2.41076     4.89584
     2.42076     4.81979
     2.43075     4.74430
     2.44075     4.66622
     2.45074     4.59416
     2.46074     4.51455
     2.47073     4.42654
     2.48073     4.33257
     2.49072     4.23933
     2.50072     4.15355
     2.51071     4.07106
     2.52071     3.99342
     2.53070     3.90686
     2.54070     3.78985
     2.55069     3.60856
     2.56069     3.38388
     2.57068     3.11830
     2.58068     2.90866
     2.59067     2.74474
     2.60067     2.66407
     2.61066     2.62134
     2.62066     2.58717
     2.63065     2.59051
     2.64065     2.61665
     2.65064     2.66160
     2.66064     2.71544
     2.67063     2.78004
     2.68063     2.84664
     2.69062     3.02181
     2.70062     3.11284
     2.71061     3.07167
     2.72061     3.20333
     2.73060     3.19093
     2.74060     3.27787
     2.75059     3.36386
     2.76059     3.31470
     2.77058     3.35108
     2.78058     3.38674
     2.79057     3.42133
     2.80057     3.45566
     2.81056     3.48750
     2.82056     3.51128
     2.83055     3.58126
     2.84055     3.75887
     2.85054     3.98004
     2.86054     3.96437
     2.87053     4.00314
     2.88053     4.00369
     2.89052     3.87141
     2.90052     3.77876
     2.91051     3.72628
     2.92051     3.74088
     2.93050     3.77842
     2.94050     3.83465
     2.95049     3.91993
     2.96049     3.99841
     2.97048     4.09210
     2.98048     4.38184
     2.99047     4.93987
     3.00047     4.57813
     3.01046     3.28546
     3.02046     2.17011
     3.03045     1.48435
     3.04045     1.17209
     3.05044     1.07695
     3.06044     1.06872
     3.07043     1.07598
     3.08043     1.08357
     3.09042     1.09152
     3.10042     1.09987
     3.11041     1.10866
     3.12041     1.11791
     3.13040     1.12785
     3.14040     1.13872
     3.15039     1.15054
     3.16039     1.16675
     3.17038     1.18764
     3.18038     1.20243
     3.19037     1.21312
     3.20037     1.24256
     3.21036     1.29861
     3.22036     1.36048
     3.23035     1.39116
     3.24035     1.41386
     3.25034     1.42155
     3.26034     1.42166
     3.27033     1.45062
     3.28033     1.51204
     3.29032     1.60342
     3.30032     1.71994
     3.31031     1.85678
     3.32031     2.01211
     3.33030     2.19754
     3.34030     2.41501
     3.35029     2.66007
     3.36029     2.91310
     3.37028     3.16418
     3.38028     3.40921
     3.39027     3.64916
     3.40027     3.88175
     3.41026     4.10394
     3.42026     4.31663
     3.43025     4.50348
     3.44025     4.63802
     3.45024     4.70856
     3.46024     4.72061
     3.47023     4.55736
     3.48023     3.80166
     3.49022     3.12813
     3.50022     5.53713
     3.51021     2.63379
     3.52021     2.67424
     3.53020     2.65673
     3.54020     2.63071
     3.55019     2.60325
     3.56019     2.57439
     3.57018     2.54417
     3.58018     2.51264
     3.59017     2.47984
     3.60017     2.44579
     3.61016     2.41055
     3.62016     2.37415
     3.63015     2.33664
     3.64015     2.29806
     3.65014     2.25850
     3.66014     2.21803
     3.67013     2.17671
     3.68013     2.13471
     3.69012     2.09230
     3.70012     2.05006
     3.71011     2.01015
     3.72011     1.98535
     3.73010     2.00415
     3.74010     1.99072
     3.75009     1.95934
     3.76009     2.02107
     3.77008     1.97992
     3.78008     1.88274
     3.79007     2.01399
     3.80007     1.93714
     3.81006     2.10995
     3.82006     2.09477
     3.83005     2.24990
     3.84005     2.30618
     3.85004     2.45282
     3.86004     2.53534
     3.87003     2.53677
     3.88003     2.56272
     3.89002     2.61910
     3.90002     2.76441
     3.91001     2.73351
     3.92001     2.84394
     3.93000     2.98152
     3.94000     3.25060
     3.94999     3.47700
     3.95999     3.58611
     3.96998     3.66496
     3.97998     3.60228
     3.98997     3.66963
     3.99997     3.66202
     4.00996     3.66191
     4.01996     3.59355
     4.02995     3.42871
     4.03995     3.24521
     4.04994     4.02683
     4.05994     3.11004
     4.06993     3.12775
     4.07993     3.16555
     4.08992     3.24938
     4.09992     3.34508
     4.10991     3.45216
     4.11991     3.59214
     4.12990     3.79939
     4.13990     4.03455
     4.14989     4.27897
     4.15989     4.58938
     4.16988     4.89613
     4.17988     5.31045
     4.18987     5.69646
     4.19987     6.07778
     4.20986     6.42388
     4.21986     6.51134
     4.22985     6.36375
     4.23985     5.98438
     4.24984     5.67308
     4.25984     5.28196
     4.26983     4.92566
     4.27983     4.62065
     4.28982     4.37990
     4.29982     4.13932
     4.30981     3.87732
     4.31981     3.56901
     4.32980     3.19560
     4.33980     2.81108
     4.34979     2.54738
     4.35979     2.29043
     4.36978     2.03940
     4.37978     1.82019
     4.38977     1.64497
     4.39977     1.50635
     4.40976     1.39633
     4.41976     1.31211
     4.42975     1.25360
     4.43975     1.22053
     4.44974     1.21063
     4.45974     1.21574
     4.46973     1.22983
     4.47973     1.24820
     4.48972     1.26829
     4.49972     1.28940
     4.50971     1.31055
     4.51971     1.34732
     4.52970     1.44666
     4.53970     1.53639
     4.54969     1.53024
     4.55969     1.40723
     4.56968     1.43575
     4.57968     1.45340
     4.58967     1.47361
     4.59967     1.49959
     4.60966     1.53669
     4.61966     1.59831
     4.62965     1.68114
     4.63965     1.78597
     4.64964     1.93934
     4.65964     2.15582
     4.66963     2.49590
     4.67963     2.92335
     4.68962     3.51768
     4.69962     4.35328
     4.70961     5.43780
     4.71961     6.75166
     4.72960     8.06362
     4.73960     9.19135
     4.74959    10.84790
     4.75959    11.23025
     4.76958    11.27074
     4.77958    11.21783
     4.78957    10.98339
     4.79957    10.64631
     4.80956    10.10798
     4.81956     9.81980
     4.82955     9.51527
     4.83955     8.32301
     4.84954     7.34621
     4.85954     6.57649
     4.86953     5.82839
     4.87953     5.24022
     4.88952     4.81055
     4.89952     4.44892
     4.90951     4.11635
     4.91951     3.81086
     4.92950     3.53021
     4.93950     3.27484
     4.94949     3.04896
     4.95949     2.85376
     4.96948     2.68940
     4.97948     2.57490
     4.98947     2.67103
     4.99947     3.07935
     5.00946     3.72786
     5.01946     3.85993
     5.02945     4.01793
     5.03945     4.16609
     5.04944     4.19654
     5.05944     4.26462
     5.06943     4.38075
     5.07943     4.54738
     5.08942     4.80457
     5.09942     5.20070
     5.10941     5.46072
     5.11941     5.88575
     5.12940     6.22801
     5.13940     6.55434
     5.14939     6.79498
     5.15939     7.05539
     5.16938     7.39434
     5.17938     7.70452
     5.18937     7.55834
     5.19937     7.10076
     5.20936     6.59872
     5.21936     6.20137
     5.22935     5.89477
     5.23935     5.61066
     5.24934     5.49741
     5.25934     5.32278
     5.26933     4.93354
     5.27933     4.60858
     5.28932     4.47255
     5.29932     4.60383
     5.30931     4.65871
     5.31931     4.71776
     5.32930     5.18356
     5.33930     5.18046
     5.34929     5.26815
     5.35929     5.43587
     5.36928     5.66096
     5.37928     5.92650
     5.38927     6.15521
     5.39927     6.23770
     5.40926     6.15940
     5.41926     6.21126
     5.42925     6.28479
     5.43925     6.27197
     5.44924     6.18971
     5.45924     6.04568
     5.46923     5.77692
     5.47923     5.55443
     5.48922     5.38728
     5.49922     5.17379
     5.50921     4.92286
     5.51921     4.73982
     5.52920     4.55924
     5.53920     4.37733
     5.54919     4.12858
     5.55919     3.86554
     5.56918     3.70145
     5.57918     3.31733
