#K-Path     Band-1    Band-2    Band-3    Band-4      ...     Band-n
  0.0000  -17.4252  -17.4252  -17.4218  -17.2857  -17.2626  -17.2626  -17.2057  -17.2013  -17.1783  -17.1574  -15.4367  -13.2967  -13.2967  -13.2750   -8.3969   -8.2479   -8.2199   -8.2199   -8.1949   -7.5744   -6.3012   -4.4889   -4.2511   -4.2511   -4.0308   -3.6795   -2.7506   -2.7506   -0.8279   -0.8199   -0.8199    2.7580    3.4984    4.1405    5.9562    5.9562    6.4006    6.7845    6.7845    6.8029    8.7084    8.7744    9.3156    9.4578    9.4578   12.4112   12.5714   12.9372
  0.0441  -17.4257  -17.4251  -17.4216  -17.2858  -17.2630  -17.2626  -17.2059  -17.2012  -17.1783  -17.1576  -15.4318  -13.3016  -13.3000  -13.2745   -8.3952   -8.2481   -8.2223   -8.2200   -8.1942   -7.5727   -6.2997   -4.5170   -4.2916   -4.2076   -3.9994   -3.6716   -2.7589   -2.7422   -0.8571   -0.8362   -0.8209    2.7900    3.5201    4.1561    5.9393    5.9560    6.3968    6.7693    6.7847    6.8337    8.7196    8.7632    9.2116    9.5056    9.5689   12.3842   12.5239   12.9418
  0.0881  -17.4269  -17.4249  -17.4209  -17.2859  -17.2641  -17.2628  -17.2058  -17.2012  -17.1784  -17.1577  -15.4169  -13.3156  -13.3097  -13.2738   -8.3901   -8.2488   -8.2284   -8.2204   -8.1923   -7.5675   -6.2967   -4.5631   -4.3758   -4.1148   -3.9373   -3.6550   -2.7767   -2.7175   -0.9587   -0.8658   -0.8247    2.8797    3.5819    4.2071    5.8937    5.9545    6.3837    6.7392    6.8068    6.8875    8.7067    8.7828    9.0783    9.6304    9.7341   12.3072   12.3925   12.8797
  0.1322  -17.4282  -17.4245  -17.4199  -17.2860  -17.2659  -17.2630  -17.2057  -17.2009  -17.1784  -17.1578  -15.3923  -13.3379  -13.3254  -13.2732   -8.3819   -8.2515   -8.2355   -8.2208   -8.1898   -7.5594   -6.2963   -4.5910   -4.4703   -4.0130   -3.8672   -3.6453   -2.7880   -2.6766   -1.1132   -0.9143   -0.8311    3.0110    3.6717    4.3009    5.8314    5.9506    6.3648    6.6910    6.8607    6.9521    8.6696    8.8050    9.0166    9.7984    9.9073   12.1677   12.2160   12.4990
  0.1762  -17.4297  -17.4241  -17.4187  -17.2862  -17.2683  -17.2633  -17.2054  -17.2005  -17.1784  -17.1579  -15.3583  -13.3679  -13.3464  -13.2733   -8.3714   -8.2588   -8.2397   -8.2209   -8.1871   -7.5494   -6.3044   -4.5923   -4.5557   -3.9395   -3.7851   -3.6456   -2.7743   -2.6217   -1.3025   -0.9814   -0.8403    3.1643    3.7728    4.4454    5.7612    5.9409    6.3500    6.6289    6.9362    7.0245    8.6024    8.7871    9.0860    9.9795   10.0828   11.9594   12.0089   12.1014
  0.2203  -17.4311  -17.4236  -17.4172  -17.2866  -17.2712  -17.2636  -17.2051  -17.1998  -17.1782  -17.1579  -15.3151  -13.4044  -13.3720  -13.2745   -8.3596   -8.2691   -8.2409   -8.2207   -8.1841   -7.5385   -6.3254   -4.6544   -4.5310   -3.9484   -3.6829   -3.6218   -2.7290   -2.5561   -1.5078   -1.0660   -0.8519    3.3228    3.8705    4.6400    5.6894    5.9260    6.3462    6.5663    7.0213    7.1032    8.4942    8.8142    9.2123   10.1439   10.2525   11.6057   11.7658   11.8573
  0.2644  -17.4327  -17.4232  -17.4154  -17.2873  -17.2744  -17.2638  -17.2047  -17.1993  -17.1781  -17.1580  -15.2632  -13.4465  -13.4013  -13.2772   -8.3487   -8.2783   -8.2412   -8.2203   -8.1811   -7.5275   -6.3611   -4.7275   -4.4411   -4.0424   -3.5861   -3.5417   -2.6598   -2.4871   -1.7088   -1.1669   -0.8665    3.4755    3.9577    4.8676    5.6220    5.9092    6.3361    6.5328    7.1011    7.1899    8.3799    8.8797    9.3522   10.2547   10.3808   11.2336   11.5660   11.6552
  0.3084  -17.4343  -17.4229  -17.4135  -17.2886  -17.2777  -17.2642  -17.2042  -17.1987  -17.1779  -17.1581  -15.2031  -13.4929  -13.4332  -13.2821   -8.3418   -8.2824   -8.2413   -8.2199   -8.1782   -7.5170   -6.4102   -4.7888   -4.3108   -4.1788   -3.5109   -3.4239   -2.5810   -2.4280   -1.8769   -1.2810   -0.8842    3.6165    4.0324    5.0812    5.5811    5.8993    6.2968    6.5634    7.1670    7.2822    8.2801    8.9621    9.4847   10.2282   10.4129   11.0077   11.4054   11.4862
  0.3525  -17.4358  -17.4227  -17.4111  -17.2906  -17.2806  -17.2646  -17.2038  -17.1982  -17.1778  -17.1583  -15.1354  -13.5426  -13.4666  -13.2900   -8.3415   -8.2789   -8.2413   -8.2197   -8.1755   -7.5070   -6.4696   -4.8398   -4.3323   -4.1415   -3.4508   -3.3037   -2.5159   -2.3889   -1.9714   -1.4031   -0.9045    3.7441    4.0926    5.1818    5.6344    5.9066    6.2493    6.6454    7.2156    7.3746    8.2062    9.0357    9.5859   10.0036   10.3830   10.9101   11.3105   11.3716
  0.3966  -17.4372  -17.4226  -17.4084  -17.2937  -17.2826  -17.2650  -17.2033  -17.1975  -17.1775  -17.1584  -15.0610  -13.5945  -13.5005  -13.3013   -8.3463   -8.2698   -8.2408   -8.2200   -8.1727   -7.4969   -6.5351   -4.8892   -4.4699   -3.9501   -3.4249   -3.1903   -2.4980   -2.3364   -1.9814   -1.5236   -0.9271    3.8565    4.1364    5.1334    5.7768    5.9505    6.2197    6.7549    7.2454    7.4606    8.1662    9.0545    9.6210    9.7581   10.3189   10.8068   11.2454   11.2975
  0.4406  -17.4388  -17.4227  -17.4056  -17.2980  -17.2838  -17.2655  -17.2029  -17.1969  -17.1774  -17.1585  -14.9805  -13.6476  -13.5339  -13.3166   -8.3532   -8.2595   -8.2396   -8.2211   -8.1703   -7.4859   -6.6036   -4.9574   -4.5677   -3.7506   -3.4458   -3.0852   -2.4862   -2.2634   -1.9588   -1.6207   -0.9519    3.9481    4.1623    5.0192    5.8779    6.0619    6.2182    6.8716    7.2557    7.5321    8.1670    8.9552    9.5645    9.6240   10.2570   10.6929   11.1490   11.2510
  0.4847  -17.4402  -17.4228  -17.4024  -17.3030  -17.2846  -17.2659  -17.2025  -17.1963  -17.1773  -17.1587  -14.8950  -13.7012  -13.5656  -13.3363   -8.3601   -8.2521   -8.2373   -8.2219   -8.1682   -7.4723   -6.6717   -5.0606   -4.6032   -3.6489   -3.4145   -2.9858   -2.4490   -2.1921   -1.9572   -1.6557   -0.9777    4.0055    4.1722    4.8880    5.9422    6.1846    6.2578    6.9753    7.2489    7.5789    8.2112    8.7712    9.4424    9.5793   10.1959   10.5932   11.0726   11.2062
  0.5287  -17.4413  -17.4229  -17.3988  -17.3081  -17.2851  -17.2662  -17.2021  -17.1958  -17.1771  -17.1588  -14.8054  -13.7550  -13.5948  -13.3603   -8.3663   -8.2494   -8.2363   -8.2192   -8.1664   -7.4547   -6.7371   -5.1877   -4.5851   -3.7399   -3.2214   -2.8908   -2.4279   -2.1300   -1.9563   -1.6253   -1.0036    4.0078    4.1627    4.7776    6.0066    6.2535    6.3570    7.0513    7.2261    7.6039    8.2689    8.6047    9.2941    9.5487   10.1065   10.5197   11.0415   11.1757
  0.5728  -17.4425  -17.4231  -17.3951  -17.3136  -17.2856  -17.2666  -17.2017  -17.1952  -17.1770  -17.1589  -14.7131  -13.8089  -13.6206  -13.3882   -8.3716   -8.2507   -8.2385   -8.2126   -8.1651   -7.4323   -6.7982   -5.3197   -4.5325   -3.8697   -3.0239   -2.7983   -2.4530   -2.0795   -1.8971   -1.5685   -1.0282    3.9469    4.1129    4.7288    6.0726    6.3032    6.4730    7.0903    7.1872    7.6255    8.2577    8.5341    9.1654    9.4878    9.9829   10.4824   11.0374   11.1656
  0.6169  -17.4435  -17.4233  -17.3912  -17.3189  -17.2859  -17.2668  -17.2013  -17.1948  -17.1768  -17.1591  -14.6192  -13.8632  -13.6423  -13.4188   -8.3760   -8.2558   -8.2402   -8.2056   -8.1640   -7.4049   -6.8537   -5.4448   -4.4599   -3.9919   -2.9380   -2.6786   -2.4539   -2.0480   -1.7890   -1.5074   -1.0501    3.8257    4.0292    4.7472    6.1304    6.3547    6.5947    7.0887    7.1422    7.6589    8.1692    8.5374    9.0870    9.3930    9.8440   10.4824   11.0257   11.1698
  0.6609  -17.4444  -17.4236  -17.3875  -17.3241  -17.2862  -17.2672  -17.2011  -17.1945  -17.1768  -17.1592  -14.5254  -13.9188  -13.6593  -13.4506   -8.3797   -8.2634   -8.2407   -8.1996   -8.1634   -7.3737   -6.9029   -5.5567   -4.3866   -4.0808   -3.0049   -2.5490   -2.3547   -2.0379   -1.6680   -1.4506   -1.0684    3.6642    3.9393    4.8016    6.1658    6.4186    6.7119    7.0602    7.1051    7.6978    8.0630    8.5403    9.0653    9.2764    9.7071   10.5113   10.9829   11.1775
  0.7050  -17.4449  -17.4237  -17.3837  -17.3287  -17.2863  -17.2672  -17.2008  -17.1940  -17.1766  -17.1593  -14.4330  -13.9768  -13.6716  -13.4809   -8.3824   -8.2711   -8.2407   -8.1948   -8.1627   -7.3410   -6.9446   -5.6501   -4.3548   -4.0923   -3.1375   -2.4486   -2.1990   -2.0474   -1.5581   -1.3999   -1.0821    3.4991    3.8565    4.8655    6.1786    6.4983    6.7910    7.0434    7.0976    7.7255    7.9559    8.5447    9.0866    9.1549    9.5883   10.5501   10.9267   11.1775
  0.7490  -17.4455  -17.4239  -17.3807  -17.3326  -17.2865  -17.2674  -17.2008  -17.1939  -17.1766  -17.1595  -14.3437  -14.0386  -13.6792  -13.5066   -8.3844   -8.2778   -8.2406   -8.1916   -8.1625   -7.3108   -6.9780   -5.7212   -4.3778   -4.0168   -3.2850   -2.3621   -2.0784   -2.0545   -1.4760   -1.3574   -1.0912    3.3590    3.7880    4.9219    6.1779    6.5791    6.7961    7.0205    7.1797    7.7085    7.8702    8.5562    9.0424    9.1291    9.4984   10.5567   10.9118   11.1627
  0.7931  -17.4457  -17.4240  -17.3784  -17.3352  -17.2865  -17.2674  -17.2007  -17.1937  -17.1765  -17.1595  -14.2590  -14.1054  -13.6831  -13.5241   -8.3855   -8.2822   -8.2404   -8.1896   -8.1622   -7.2886   -7.0004   -5.7656   -4.4066   -3.9170   -3.4172   -2.2882   -2.1152   -1.9618   -1.4282   -1.3266   -1.0956    3.2658    3.7425    4.9606    6.1738    6.6498    6.7660    6.9998    7.3066    7.6203    7.8414    8.5722    8.9605    9.1677    9.4480   10.5204   10.9740   11.1352
  0.8372  -17.4459  -17.4241  -17.3777  -17.3362  -17.2866  -17.2676  -17.2007  -17.1937  -17.1766  -17.1596  -14.1885  -14.1699  -13.6842  -13.5303   -8.3860   -8.2838   -8.2404   -8.1890   -8.1622   -7.2802   -7.0086   -5.7809   -4.4178   -3.8641   -3.4797   -2.2502   -2.1418   -1.9287   -1.4131   -1.3153   -1.0968    3.2328    3.7264    4.9742    6.1715    6.6890    6.7393    6.9910    7.3961    7.5397    7.8376    8.5797    8.9288    9.1822    9.4333   10.4978   11.0475   11.0929
  0.8372  -17.4459  -17.4241  -17.3777  -17.3362  -17.2866  -17.2676  -17.2007  -17.1937  -17.1766  -17.1596  -14.1885  -14.1699  -13.6842  -13.5303   -8.3860   -8.2838   -8.2404   -8.1890   -8.1622   -7.2802   -7.0086   -5.7809   -4.4178   -3.8641   -3.4797   -2.2502   -2.1418   -1.9287   -1.4131   -1.3153   -1.0968    3.2328    3.7264    4.9742    6.1715    6.6890    6.7393    6.9910    7.3961    7.5397    7.8376    8.5797    8.9288    9.1822    9.4333   10.4978   11.0475   11.0929
  0.8875  -17.4458  -17.4240  -17.3776  -17.3361  -17.2865  -17.2675  -17.2007  -17.1937  -17.1766  -17.1596  -14.1883  -14.1698  -13.6845  -13.5304   -8.3855   -8.2840   -8.2416   -8.1896   -8.1622   -7.2703   -7.0038   -5.8078   -4.4575   -3.8248   -3.4233   -2.2698   -2.1443   -1.9285   -1.4360   -1.3146   -1.1054    3.2595    3.7401    4.9538    6.1739    6.6457    6.7424    6.9742    7.4571    7.5219    7.8021    8.5485    8.9162    9.2396    9.4620   10.5211   11.0074   11.1026
  0.9378  -17.4458  -17.4240  -17.3777  -17.3362  -17.2867  -17.2676  -17.2007  -17.1937  -17.1765  -17.1595  -14.1877  -14.1696  -13.6852  -13.5308   -8.3842   -8.2848   -8.2447   -8.1911   -8.1621   -7.2423   -6.9910   -5.8794   -4.5511   -3.7155   -3.2796   -2.3290   -2.1528   -1.9285   -1.5016   -1.3133   -1.1283    3.3356    3.7774    4.8926    6.1794    6.5606    6.7497    6.9192    7.4736    7.6022    7.7200    8.4611    8.8742    9.3921    9.5460   10.5804   10.8834   11.2577
  0.9881  -17.4459  -17.4241  -17.3777  -17.3361  -17.2868  -17.2677  -17.2006  -17.1936  -17.1765  -17.1595  -14.1870  -14.1693  -13.6863  -13.5312   -8.3825   -8.2858   -8.2489   -8.1930   -8.1620   -7.2010   -6.9730   -5.9750   -4.6573   -3.5561   -3.0909   -2.4269   -2.1722   -1.9269   -1.5991   -1.3108   -1.1582    3.4515    3.8298    4.7925    6.1834    6.4906    6.7620    6.8372    7.4058    7.6390    7.7797    8.3382    8.7972    9.5984    9.6798   10.6478   10.7685   11.4867
  1.0384  -17.4459  -17.4241  -17.3776  -17.3361  -17.2868  -17.2678  -17.2007  -17.1936  -17.1765  -17.1595  -14.1863  -14.1690  -13.6873  -13.5316   -8.3806   -8.2869   -8.2533   -8.1948   -8.1619   -7.1551   -6.9546   -6.0703   -4.7485   -3.3683   -2.8877   -2.5598   -2.2124   -1.9216   -1.7090   -1.3072   -1.1872    3.5889    3.8837    4.6659    6.1815    6.4582    6.7450    6.7806    7.3247    7.5985    7.9620    8.2086    8.6872    9.8154    9.8513   10.6444   10.6873   11.7653
  1.0887  -17.4458  -17.4240  -17.3775  -17.3360  -17.2868  -17.2678  -17.2006  -17.1935  -17.1765  -17.1595  -14.1857  -14.1688  -13.6881  -13.5320   -8.3790   -8.2876   -8.2564   -8.1961   -8.1618   -7.1174   -6.9408   -6.1412   -4.8089   -3.1756   -2.7157   -2.6978   -2.2842   -1.9086   -1.8034   -1.3034   -1.2082    3.7151    3.9243    4.5449    6.1758    6.4612    6.6632    6.8025    7.2514    7.5987    8.1046    8.1299    8.5603    9.9962   10.0386   10.4985   10.6839   12.0693
  1.1390  -17.4457  -17.4239  -17.3775  -17.3359  -17.2868  -17.2678  -17.2006  -17.1935  -17.1765  -17.1594  -14.1855  -14.1687  -13.6883  -13.5321   -8.3785   -8.2878   -8.2576   -8.1965   -8.1618   -7.1025   -6.9356   -6.1678   -4.8300   -3.0532   -2.8253   -2.5941   -2.3452   -1.8920   -1.8503   -1.3017   -1.2161    3.7717    3.9394    4.4899    6.1727    6.4728    6.6249    6.8139    7.2205    7.6063    8.0624    8.2232    8.4798   10.0727   10.1614   10.3915   10.6705   12.2697
  1.1390  -17.4457  -17.4239  -17.3775  -17.3359  -17.2868  -17.2678  -17.2006  -17.1935  -17.1765  -17.1594  -14.1855  -14.1687  -13.6883  -13.5321   -8.3785   -8.2878   -8.2576   -8.1965   -8.1618   -7.1025   -6.9356   -6.1678   -4.8300   -3.0532   -2.8253   -2.5941   -2.3452   -1.8920   -1.8503   -1.3017   -1.2161    3.7717    3.9394    4.4899    6.1727    6.4728    6.6249    6.8139    7.2205    7.6063    8.0624    8.2232    8.4798   10.0727   10.1614   10.3915   10.6705   12.2697
  1.1846  -17.4456  -17.4239  -17.3779  -17.3354  -17.2866  -17.2677  -17.2006  -17.1936  -17.1764  -17.1594  -14.2312  -14.1277  -13.6886  -13.5280   -8.3796   -8.2906   -8.2545   -8.1966   -8.1618   -7.1301   -6.8973   -6.1544   -4.8207   -3.0695   -2.8619   -2.5737   -2.3380   -1.9022   -1.8625   -1.3047   -1.2201    3.7681    3.9567    4.5090    6.1625    6.4348    6.6023    6.8439    7.2588    7.5834    8.0680    8.2584    8.4928   10.0333   10.1426   10.3641   10.7021   12.1961
  1.2301  -17.4455  -17.4240  -17.3794  -17.3340  -17.2863  -17.2674  -17.2008  -17.1938  -17.1764  -17.1594  -14.2865  -14.0870  -13.6877  -13.5169   -8.3832   -8.2961   -8.2479   -8.1970   -8.1621   -7.1786   -6.8166   -6.1146   -4.7936   -3.1176   -2.9441   -2.5348   -2.3278   -1.9332   -1.8896   -1.3148   -1.2331    3.7639    4.0021    4.5639    6.1265    6.3617    6.5565    6.8954    7.3398    7.5439    8.0875    8.3330    8.5390    9.9381   10.0598   10.3327   10.7585   12.0912
  1.2757  -17.4451  -17.4241  -17.3815  -17.3319  -17.2857  -17.2670  -17.2011  -17.1941  -17.1764  -17.1593  -14.3421  -14.0569  -13.6818  -13.5013   -8.3889   -8.3014   -8.2413   -8.1976   -8.1626   -7.2219   -6.7191   -6.0497   -4.7498   -3.1973   -3.0382   -2.4992   -2.3413   -1.9781   -1.9135   -1.3343   -1.2558    3.7702    4.0667    4.6482    6.0630    6.2940    6.5178    6.9339    7.3573    7.5843    8.1197    8.3820    8.6466    9.8153    9.9242   10.3257   10.7985   12.0174
  1.3212  -17.4446  -17.4242  -17.3839  -17.3295  -17.2849  -17.2663  -17.2014  -17.1945  -17.1764  -17.1592  -14.3964  -14.0395  -13.6681  -13.4837   -8.3965   -8.3053   -8.2365   -8.1983   -8.1633   -7.2528   -6.6115   -5.9621   -4.6920   -3.3066   -3.1280   -2.4779   -2.3988   -2.0222   -1.9234   -1.3672   -1.2854    3.7934    4.1446    4.7523    5.9908    6.2371    6.4919    6.9588    7.3036    7.6992    8.1532    8.3767    8.8175    9.6794    9.7845   10.3336   10.8012   11.9713
  1.3667  -17.4438  -17.4243  -17.3862  -17.3269  -17.2839  -17.2654  -17.2018  -17.1950  -17.1763  -17.1590  -14.4480  -14.0340  -13.6464  -13.4657   -8.4054   -8.3076   -8.2345   -8.1988   -8.1642   -7.2695   -6.4955   -5.8550   -4.6243   -3.4357   -3.2117   -2.5052   -2.4699   -2.0589   -1.9199   -1.4191   -1.3132    3.8360    4.2319    4.8651    5.9315    6.1957    6.4634    6.9807    7.2472    7.8011    8.1696    8.3397    9.0236    9.5281    9.6936   10.3546   10.7543   11.9304
  1.4123  -17.4430  -17.4246  -17.3883  -17.3246  -17.2829  -17.2642  -17.2023  -17.1955  -17.1762  -17.1589  -14.4959  -14.0377  -13.6192  -13.4487   -8.4149   -8.3087   -8.2355   -8.1993   -8.1654   -7.2720   -6.3722   -5.7326   -4.5530   -3.5735   -3.2916   -2.6196   -2.5026   -2.0859   -1.9141   -1.4909   -1.3329    3.8987    4.3244    4.9729    5.8971    6.1773    6.4196    6.9988    7.2100    7.8401    8.1467    8.3236    9.2164    9.3971    9.6698   10.3874   10.6548   11.8363
  1.4578  -17.4421  -17.4252  -17.3903  -17.3226  -17.2820  -17.2630  -17.2028  -17.1961  -17.1761  -17.1587  -14.5390  -14.0471  -13.5897  -13.4332   -8.4245   -8.3089   -8.2391   -8.1997   -8.1666   -7.2621   -6.2425   -5.5995   -4.4879   -3.7115   -3.3658   -2.7401   -2.5584   -2.1067   -1.9138   -1.5758   -1.3433    3.9795    4.4182    5.0629    5.8936    6.1847    6.3643    6.9891    7.2079    7.7844    8.1107    8.3458    9.1798    9.4760    9.7304   10.4179   10.5248   11.7116
  1.5033  -17.4412  -17.4259  -17.3919  -17.3210  -17.2813  -17.2616  -17.2033  -17.1968  -17.1762  -17.1587  -14.5768  -14.0590  -13.5610  -13.4198   -8.4336   -8.3086   -8.2442   -8.2004   -8.1680   -7.2424   -6.1085   -5.4612   -4.4421   -3.8436   -3.4259   -2.8509   -2.6311   -2.1319   -1.9211   -1.6625   -1.3454    4.0754    4.5092    5.1276    5.9144    6.2015    6.3292    6.9384    7.2299    7.6794    8.0842    8.3748    9.0602    9.5744    9.9030   10.3157   10.5090   11.5907
  1.5489  -17.4401  -17.4267  -17.3930  -17.3197  -17.2807  -17.2601  -17.2038  -17.1974  -17.1761  -17.1585  -14.6085  -14.0711  -13.5351  -13.4086   -8.4417   -8.3079   -8.2498   -8.2010   -8.1693   -7.2170   -5.9738   -5.3233   -4.4299   -3.9654   -3.4602   -2.9446   -2.7085   -2.1734   -1.9354   -1.7360   -1.3417    4.1810    4.5933    5.1713    5.9338    6.1905    6.3672    6.8583    7.2387    7.5929    8.0611    8.3920    8.9582    9.6418   10.0667   10.1979   10.5547   11.4881
  1.5944  -17.4392  -17.4277  -17.3939  -17.3187  -17.2802  -17.2588  -17.2042  -17.1979  -17.1761  -17.1585  -14.6336  -14.0819  -13.5138  -13.3999   -8.4484   -8.3071   -8.2551   -8.2018   -8.1704   -7.1904   -5.8452   -5.1929   -4.4574   -4.0728   -3.4636   -3.0172   -2.7788   -2.2359   -1.9556   -1.7840   -1.3354    4.2874    4.6643    5.2040    5.9161    6.1924    6.4407    6.7730    7.2172    7.5500    8.0376    8.4014    8.8762    9.6985    9.9654   10.3343   10.6088   11.4055
  1.6399  -17.4383  -17.4286  -17.3945  -17.3180  -17.2798  -17.2576  -17.2045  -17.1984  -17.1761  -17.1584  -14.6519  -14.0903  -13.4979  -13.3936   -8.4534   -8.3064   -8.2594   -8.2024   -8.1713   -7.1671   -5.7335   -5.0776   -4.5156   -4.1584   -3.4473   -3.0658   -2.8311   -2.3099   -1.9764   -1.8075   -1.3291    4.3824    4.7171    5.2342    5.8665    6.2202    6.4721    6.7414    7.1813    7.5340    8.0074    8.4193    8.8118    9.6934    9.9163   10.4135   10.7048   11.3345
  1.6855  -17.4376  -17.4292  -17.3948  -17.3176  -17.2795  -17.2569  -17.2047  -17.1986  -17.1761  -17.1584  -14.6629  -14.0956  -13.4882  -13.3899   -8.4565   -8.3059   -8.2622   -8.2028   -8.1718   -7.1512   -5.6545   -4.9894   -4.5804   -4.2134   -3.4309   -3.0901   -2.8601   -2.3727   -1.9910   -1.8167   -1.3246    4.4501    4.7488    5.2597    5.8191    6.2482    6.4408    6.7805    7.1487    7.5279    7.9750    8.4482    8.7646    9.6313    9.9592   10.4109   10.8109   11.2751
  1.7310  -17.4375  -17.4295  -17.3949  -17.3174  -17.2795  -17.2566  -17.2048  -17.1988  -17.1762  -17.1584  -14.6666  -14.0974  -13.4849  -13.3886   -8.4576   -8.3057   -8.2632   -8.2030   -8.1720   -7.1456   -5.6255   -4.9527   -4.6119   -4.2323   -3.4250   -3.0967   -2.8687   -2.3982   -1.9963   -1.8190   -1.3231    4.4749    4.7590    5.2700    5.7996    6.2592    6.4195    6.8068    7.1341    7.5261    7.9601    8.4637    8.7450    9.6027    9.9866   10.3987   10.8553   11.2492
  1.7310  -17.4375  -17.4295  -17.3949  -17.3174  -17.2795  -17.2566  -17.2048  -17.1988  -17.1762  -17.1584  -14.6666  -14.0974  -13.4849  -13.3886   -8.4576   -8.3057   -8.2632   -8.2030   -8.1720   -7.1456   -5.6255   -4.9527   -4.6119   -4.2323   -3.4250   -3.0967   -2.8687   -2.3982   -1.9963   -1.8190   -1.3231    4.4749    4.7590    5.2700    5.7996    6.2592    6.4195    6.8068    7.1341    7.5261    7.9601    8.4637    8.7450    9.6027    9.9866   10.3987   10.8553   11.2492
  1.7753  -17.4373  -17.4294  -17.3953  -17.3168  -17.2794  -17.2567  -17.2048  -17.1987  -17.1762  -17.1583  -14.6871  -14.0759  -13.4832  -13.3874   -8.4557   -8.3068   -8.2621   -8.2031   -8.1722   -7.1497   -5.6576   -4.9289   -4.6107   -4.2194   -3.4205   -3.1396   -2.8249   -2.4250   -2.0028   -1.7959   -1.3113    4.4605    4.7292    5.2741    5.7862    6.2024    6.4370    6.7942    7.1359    7.5520    7.9677    8.5093    8.7711    9.5794   10.0230   10.3807   10.8536   11.2794
  1.8196  -17.4370  -17.4292  -17.3966  -17.3153  -17.2792  -17.2569  -17.2049  -17.1987  -17.1763  -17.1583  -14.7407  -14.0198  -13.4781  -13.3839   -8.4502   -8.3098   -8.2592   -8.2036   -8.1727   -7.1621   -5.7377   -4.8771   -4.6045   -4.1812   -3.4146   -3.2146   -2.7472   -2.4819   -2.0314   -1.7319   -1.2797    4.4140    4.6610    5.2860    5.7324    6.0491    6.4632    6.7816    7.1481    7.6171    7.9746    8.6327    8.8496    9.5437   10.0927   10.3360   10.8571   11.3579
  1.8639  -17.4366  -17.4288  -17.3985  -17.3127  -17.2789  -17.2572  -17.2050  -17.1987  -17.1765  -17.1583  -14.8127  -13.9436  -13.4698  -13.3782   -8.4414   -8.3137   -8.2553   -8.2044   -8.1736   -7.1828   -5.8378   -4.8306   -4.5868   -4.1205   -3.4320   -3.2697   -2.6831   -2.5253   -2.0783   -1.6464   -1.2355    4.3364    4.5913    5.3055    5.6273    5.8303    6.4943    6.7593    7.1695    7.7284    7.9607    8.7940    8.9634    9.5618   10.1201   10.3067   10.8858   11.4583
  1.9082  -17.4360  -17.4284  -17.4008  -17.3096  -17.2784  -17.2575  -17.2051  -17.1987  -17.1767  -17.1582  -14.8926  -13.8586  -13.4584  -13.3706   -8.4296   -8.3176   -8.2511   -8.2056   -8.1747   -7.2118   -5.9393   -4.8054   -4.5564   -4.0437   -3.4865   -3.2994   -2.6392   -2.5330   -2.1282   -1.5553   -1.1852    4.2429    4.5327    5.3248    5.4598    5.6180    6.5135    6.7247    7.1742    7.8408    7.9720    8.9494    9.0581    9.7046   10.0595   10.3386   10.9454   11.5552
  1.9525  -17.4353  -17.4279  -17.4034  -17.3060  -17.2776  -17.2579  -17.2053  -17.1988  -17.1770  -17.1581  -14.9740  -13.7716  -13.4444  -13.3613   -8.4162   -8.3204   -8.2469   -8.2073   -8.1762   -7.2483   -6.0320   -4.7968   -4.5208   -3.9613   -3.5569   -3.3354   -2.5806   -2.5348   -2.1663   -1.4640   -1.1327    4.1450    4.4874    5.1859    5.3681    5.4766    6.4965    6.7088    7.1547    7.8007    8.1220    8.9930    9.2216    9.8971   10.0287   10.4137   11.0154   11.6300
  1.9968  -17.4344  -17.4273  -17.4061  -17.3021  -17.2766  -17.2584  -17.2055  -17.1989  -17.1772  -17.1580  -15.0532  -13.6867  -13.4281  -13.3507   -8.4026   -8.3207   -8.2429   -8.2095   -8.1778   -7.2910   -6.1110   -4.7938   -4.4864   -3.8866   -3.6316   -3.3824   -2.5742   -2.4855   -2.1722   -1.3729   -1.0808    4.0359    4.4640    4.9202    5.2983    5.4597    6.4517    6.7171    7.1189    7.7132    8.2599    8.9611    9.4668    9.8094   10.3193   10.5373   11.0735   11.6699
  2.0411  -17.4334  -17.4268  -17.4088  -17.2985  -17.2753  -17.2590  -17.2056  -17.1991  -17.1775  -17.1579  -15.1280  -13.6070  -13.4102  -13.3393   -8.3915   -8.3166   -8.2395   -8.2122   -8.1797   -7.3378   -6.1746   -4.7890   -4.4550   -3.8375   -3.7039   -3.4253   -2.6208   -2.4425   -2.1005   -1.2819   -1.0311    3.9023    4.4646    4.6583    5.2067    5.5075    6.4050    6.7319    7.0722    7.6083    8.3447    8.9149    9.6680    9.7571   10.6042   10.7361   11.1373   11.6618
  2.0854  -17.4323  -17.4263  -17.4114  -17.2951  -17.2737  -17.2595  -17.2058  -17.1993  -17.1777  -17.1579  -15.1966  -13.5343  -13.3911  -13.3276   -8.3853   -8.3066   -8.2367   -8.2153   -8.1818   -7.3859   -6.2228   -4.7777   -4.4251   -3.8560   -3.7398   -3.4555   -2.6728   -2.4711   -1.9380   -1.1917   -0.9849    3.7412    4.4055    4.4775    5.1651    5.5679    6.3694    6.7443    7.0197    7.4912    8.3952    8.8717    9.5532    9.9771   10.7325   11.0217   11.3036   11.6269
  2.1297  -17.4311  -17.4259  -17.4139  -17.2923  -17.2718  -17.2602  -17.2059  -17.1997  -17.1780  -17.1579  -15.2580  -13.4702  -13.3716  -13.3160   -8.3838   -8.2920   -8.2348   -8.2182   -8.1841   -7.4323   -6.2572   -4.7565   -4.3951   -3.9342   -3.7469   -3.4777   -2.7171   -2.5342   -1.7327   -1.1052   -0.9433    3.5598    4.1842    4.4524    5.2054    5.6348    6.3466    6.7533    6.9641    7.3654    8.4338    8.8403    9.4334   10.0777   10.7211   11.3098   11.5499   11.7062
  2.1740  -17.4299  -17.4256  -17.4161  -17.2902  -17.2697  -17.2608  -17.2060  -17.2000  -17.1782  -17.1578  -15.3113  -13.4157  -13.3527  -13.3051   -8.3853   -8.2758   -8.2342   -8.2204   -8.1864   -7.4744   -6.2797   -4.7239   -4.3636   -4.0205   -3.7699   -3.5029   -2.7468   -2.6034   -1.5149   -1.0255   -0.9071    3.3698    3.9860    4.3948    5.3263    5.7051    6.3342    6.7600    6.9103    7.2374    8.4742    8.8252    9.3263   10.0351   10.5720   11.5713   11.7881   12.0192
  2.2183  -17.4287  -17.4254  -17.4180  -17.2885  -17.2676  -17.2614  -17.2060  -17.2004  -17.1783  -17.1578  -15.3558  -13.3713  -13.3351  -13.2954   -8.3883   -8.2609   -8.2343   -8.2213   -8.1887   -7.5102   -6.2928   -4.6793   -4.3307   -4.0999   -3.8152   -3.5391   -2.7606   -2.6634   -1.3028   -0.9560   -0.8769    3.1840    3.8167    4.3205    5.4960    5.7754    6.3289    6.7666    6.8630    7.1149    8.5194    8.8261    9.2405    9.9107   10.3223   11.8228   12.0790   12.3619
  2.2626  -17.4276  -17.4252  -17.4195  -17.2873  -17.2656  -17.2619  -17.2061  -17.2008  -17.1784  -17.1579  -15.3909  -13.3374  -13.3197  -13.2873   -8.3915   -8.2507   -8.2328   -8.2211   -8.1909   -7.5384   -6.2991   -4.6244   -4.2982   -4.1661   -3.8781   -3.5849   -2.7623   -2.7067   -1.1122   -0.8994   -0.8531    3.0157    3.6802    4.2484    5.6767    5.8416    6.3321    6.7729    6.8247    7.0029    8.5667    8.8358    9.1897    9.7571   10.0436   12.0669   12.3085   12.6771
  2.3069  -17.4265  -17.4252  -17.4208  -17.2864  -17.2640  -17.2623  -17.2060  -17.2011  -17.1783  -17.1578  -15.4163  -13.3139  -13.3076  -13.2809   -8.3944   -8.2477   -8.2273   -8.2205   -8.1929   -7.5586   -6.3012   -4.5644   -4.2705   -4.2149   -3.9483   -3.6314   -2.7579   -2.7333   -0.9587   -0.8575   -0.8358    2.8792    3.5798    4.1897    5.8310    5.8992    6.3499    6.7777    6.7992    6.9074    8.6158    8.8359    9.1898    9.6087    9.7848   12.2663   12.4454   12.9084
  2.3512  -17.4256  -17.4252  -17.4218  -17.2859  -17.2630  -17.2625  -17.2060  -17.2013  -17.1784  -17.1578  -15.4316  -13.3007  -13.2996  -13.2766   -8.3964   -8.2478   -8.2220   -8.2201   -8.1944   -7.5706   -6.3014   -4.5117   -4.2545   -4.2433   -4.0072   -3.6664   -2.7530   -2.7469   -0.8586   -0.8320   -0.8248    2.7894    3.5183    4.1518    5.9263    5.9403    6.3817    6.7796    6.7874    6.8356    8.6687    8.8080    9.2477    9.4981    9.5736   12.3772   12.5344   12.9336
  2.3955  -17.4252  -17.4252  -17.4218  -17.2857  -17.2626  -17.2626  -17.2057  -17.2013  -17.1783  -17.1574  -15.4367  -13.2967  -13.2967  -13.2750   -8.3969   -8.2479   -8.2199   -8.2199   -8.1949   -7.5744   -6.3012   -4.4889   -4.2511   -4.2511   -4.0308   -3.6795   -2.7506   -2.7506   -0.8279   -0.8199   -0.8199    2.7580    3.4984    4.1405    5.9562    5.9562    6.4006    6.7845    6.7845    6.8029    8.7084    8.7744    9.3156    9.4578    9.4578   12.4112   12.5714   12.9372
  2.3955  -17.4252  -17.4252  -17.4218  -17.2857  -17.2626  -17.2626  -17.2057  -17.2013  -17.1783  -17.1574  -15.4367  -13.2967  -13.2967  -13.2750   -8.3969   -8.2479   -8.2199   -8.2199   -8.1949   -7.5744   -6.3012   -4.4889   -4.2511   -4.2511   -4.0308   -3.6795   -2.7506   -2.7506   -0.8279   -0.8199   -0.8199    2.7580    3.4984    4.1405    5.9562    5.9562    6.4006    6.7845    6.7845    6.8029    8.7084    8.7744    9.3156    9.4578    9.4578   12.4112   12.5714   12.9372
  2.4386  -17.4253  -17.4253  -17.4215  -17.2864  -17.2624  -17.2624  -17.2060  -17.2011  -17.1782  -17.1577  -15.4315  -13.2972  -13.2972  -13.2848   -8.4002   -8.2463   -8.2204   -8.2204   -8.1951   -7.5632   -6.3083   -4.4749   -4.2450   -4.2450   -4.0530   -3.6508   -2.7464   -2.7464   -0.8550   -0.8287   -0.8287    2.7839    3.5108    4.1409    5.8897    5.8897    6.3194    6.8014    6.8261    6.8261    8.5783    8.8948    9.4086    9.5066    9.5066   12.3707   12.5754   12.9067
  2.4818  -17.4256  -17.4256  -17.4209  -17.2882  -17.2620  -17.2620  -17.2066  -17.2009  -17.1783  -17.1577  -15.4157  -13.3141  -13.2986  -13.2986   -8.4088   -8.2427   -8.2220   -8.2220   -8.1956   -7.5302   -6.3281   -4.4341   -4.2267   -4.2267   -4.1040   -3.5803   -2.7340   -2.7340   -0.9330   -0.8554   -0.8554    2.8582    3.5479    4.1402    5.7200    5.7200    6.1251    6.7623    6.9252    6.9253    8.4144    9.0713    9.6324    9.6456    9.6456   12.2528   12.5807   12.8398
  2.5249  -17.4259  -17.4259  -17.4193  -17.2913  -17.2612  -17.2612  -17.2071  -17.2006  -17.1782  -17.1576  -15.3895  -13.3616  -13.3009  -13.3009   -8.4200   -8.2388   -8.2243   -8.2243   -8.1964   -7.4780   -6.3576   -4.3710   -4.1965   -4.1965   -4.1618   -3.4888   -2.7133   -2.7133   -1.0533   -0.8983   -0.8983    2.9721    3.6096    4.1411    5.4946    5.4946    5.8789    6.6644    7.0533    7.0533    8.2552    9.3029    9.8561    9.8561    9.9143   12.0545   12.5810   12.7665
  2.5680  -17.4266  -17.4266  -17.4173  -17.2956  -17.2603  -17.2603  -17.2078  -17.2005  -17.1780  -17.1575  -15.3531  -13.4258  -13.3039  -13.3039   -8.4317   -8.2361   -8.2276   -8.2276   -8.1975   -7.4109   -6.3922   -4.2986   -4.2080   -4.1555   -4.1555   -3.3878   -2.6854   -2.6854   -1.2069   -0.9561   -0.9561    3.1129    3.6918    4.1414    5.2419    5.2419    5.6128    6.5238    7.1947    7.1947    8.1001    9.5809   10.1099   10.1099   10.2125   11.7943   12.5345   12.7246
  2.6111  -17.4272  -17.4272  -17.4145  -17.3007  -17.2591  -17.2591  -17.2084  -17.2005  -17.1777  -17.1573  -15.3069  -13.5048  -13.3075  -13.3075   -8.4420   -8.2351   -8.2315   -8.2315   -8.1988   -7.3346   -6.4267   -4.2905   -4.1690   -4.1049   -4.1049   -3.2825   -2.6513   -2.6513   -1.3830   -1.0261   -1.0261    3.2688    3.7874    4.1431    4.9803    4.9803    5.3484    6.3666    7.3491    7.3491    7.9506    9.8893   10.3753   10.3753   10.4907   11.5085   12.4278   12.7411
  2.6543  -17.4280  -17.4280  -17.4112  -17.3066  -17.2578  -17.2578  -17.2090  -17.2006  -17.1772  -17.1572  -15.2510  -13.5962  -13.3115  -13.3115   -8.4504   -8.2358   -8.2358   -8.2358   -8.2003   -7.2558   -6.4558   -4.3246   -4.0697   -4.0465   -4.0465   -3.1769   -2.6123   -2.6123   -1.5723   -1.1056   -1.1056    3.4289    3.8753    4.1557    4.7214    4.7214    5.1019    6.2123    7.5163    7.5163    7.8077   10.2117   10.6100   10.6100   10.6715   11.2631   12.3170   12.7536
  2.6974  -17.4287  -17.4287  -17.4073  -17.3132  -17.2564  -17.2564  -17.2095  -17.2010  -17.1767  -17.1571  -15.1860  -13.6978  -13.3157  -13.3157   -8.4566   -8.2402   -8.2402   -8.2380   -8.2022   -7.1818   -6.4742   -4.3517   -3.9823   -3.9823   -3.9631   -3.0740   -2.5700   -2.5700   -1.7666   -1.1911   -1.1911    3.5838    3.9196    4.1953    4.4741    4.4741    4.8962    6.0738    7.6762    7.6961    7.6961   10.5085   10.6280   10.7612   10.7612   11.1732   12.2768   12.7193
  2.7405  -17.4293  -17.4293  -17.4025  -17.3201  -17.2548  -17.2548  -17.2097  -17.2013  -17.1760  -17.1570  -15.1123  -13.8072  -13.3199  -13.3199   -8.4605   -8.2444   -8.2444   -8.2410   -8.2042   -7.1198   -6.4771   -4.3668   -3.9146   -3.9146   -3.8584   -2.9765   -2.5262   -2.5262   -1.9581   -1.2788   -1.2788    3.7203    3.9101    4.2401    4.2456    4.2456    4.7715    5.9562    7.5627    7.8875    7.8875   10.3312   10.7893   10.7893   10.8696   11.1310   12.3693   12.8444
  2.7836  -17.4301  -17.4301  -17.3978  -17.3276  -17.2538  -17.2538  -17.2100  -17.2020  -17.1755  -17.1570  -15.0304  -13.9223  -13.3239  -13.3239   -8.4629   -8.2486   -8.2486   -8.2448   -8.2065   -7.0754   -6.4637   -4.3691   -3.8471   -3.8471   -3.7622   -2.8873   -2.4841   -2.4841   -2.1397   -1.3649   -1.3649    3.8059    3.8677    4.0407    4.0407    4.2572    4.7618    5.8586    7.4715    8.0873    8.0873   10.0543   10.7009   10.7009   10.9719   11.2112   12.5674   12.9335
  2.8268  -17.4307  -17.4307  -17.3924  -17.3353  -17.2527  -17.2527  -17.2102  -17.2026  -17.1748  -17.1570  -14.9408  -14.0410  -13.3274  -13.3274   -8.4638   -8.2523   -8.2523   -8.2486   -8.2085   -7.0483   -6.4369   -4.3594   -3.7830   -3.7830   -3.6801   -2.8094   -2.4452   -2.4452   -2.3034   -1.4447   -1.4447    3.8018    3.8127    3.8656    3.8656    4.3094    4.8259    5.7784    7.4084    8.2918    8.2918    9.7968   10.5420   10.5420   10.8129   11.4937   12.7688   12.9824
  2.8699  -17.4312  -17.4312  -17.3864  -17.3430  -17.2518  -17.2518  -17.2102  -17.2031  -17.1742  -17.1571  -14.8442  -14.1614  -13.3304  -13.3304   -8.4639   -8.2554   -8.2554   -8.2522   -8.2103   -7.0348   -6.4045   -4.3406   -3.7262   -3.7262   -3.6166   -2.7450   -2.4416   -2.4122   -2.4122   -1.5138   -1.5138    3.7244    3.7244    3.7334    3.7594    4.4155    4.8975    5.7128    7.3721    8.4924    8.4924    9.5787   10.3527   10.3527   10.6440   11.7600   12.8080   13.1451
  2.9130  -17.4314  -17.4314  -17.3801  -17.3507  -17.2511  -17.2511  -17.2102  -17.2034  -17.1736  -17.1571  -14.7414  -14.2820  -13.3326  -13.3326   -8.4634   -8.2576   -8.2575   -8.2550   -8.2116   -7.0294   -6.3747   -4.3183   -3.6813   -3.6813   -3.5741   -2.6964   -2.5454   -2.3870   -2.3870   -1.5671   -1.5671    3.6208    3.6208    3.6600    3.7147    4.5363    4.9418    5.6648    7.3568    8.6797    8.6797    9.4166   10.1660   10.1660   10.4998   11.9941   12.7492   13.3004
  2.9561  -17.4316  -17.4316  -17.3735  -17.3581  -17.2506  -17.2506  -17.2103  -17.2036  -17.1733  -17.1572  -14.6334  -14.4009  -13.3340  -13.3340   -8.4630   -8.2589   -8.2589   -8.2570   -8.2124   -7.0279   -6.3542   -4.3000   -3.6526   -3.6526   -3.5518   -2.6650   -2.6112   -2.3713   -2.3713   -1.6010   -1.6010    3.5574    3.5574    3.6085    3.6849    4.6381    4.9485    5.6370    7.3522    8.8246    8.8246    9.3159   10.0180   10.0180   10.4040   12.1793   12.6666   13.3838
  2.9993  -17.4318  -17.4318  -17.3685  -17.3633  -17.2505  -17.2505  -17.2103  -17.2037  -17.1733  -17.1573  -14.5352  -14.5027  -13.3345  -13.3345   -8.4629   -8.2595   -8.2595   -8.2577   -8.2127   -7.0277   -6.3470   -4.2929   -3.6427   -3.6427   -3.5451   -2.6489   -2.6388   -2.3661   -2.3661   -1.6129   -1.6129    3.5360    3.5360    3.5904    3.6744    4.6821    4.9416    5.6284    7.3513    8.8826    8.8826    9.2820    9.9589    9.9589   10.3702   12.2626   12.6172   13.4159
  2.9993  -17.4318  -17.4318  -17.3685  -17.3633  -17.2505  -17.2505  -17.2103  -17.2037  -17.1733  -17.1573  -14.5352  -14.5027  -13.3345  -13.3345   -8.4629   -8.2595   -8.2595   -8.2577   -8.2127   -7.0277   -6.3470   -4.2929   -3.6427   -3.6427   -3.5451   -2.6489   -2.6388   -2.3661   -2.3661   -1.6129   -1.6129    3.5360    3.5360    3.5904    3.6744    4.6821    4.9416    5.6284    7.3513    8.8826    8.8826    9.2820    9.9589    9.9589   10.3702   12.2626   12.6172   13.4159
  3.0480  -17.4320  -17.4317  -17.3683  -17.3635  -17.2509  -17.2506  -17.2103  -17.2038  -17.1733  -17.1573  -14.5312  -14.4993  -13.3440  -13.3338   -8.4623   -8.2815   -8.2592   -8.2404   -8.2115   -7.0133   -6.3437   -4.3181   -3.6547   -3.6318   -3.5455   -2.6915   -2.6499   -2.3743   -2.3173   -1.6222   -1.6058    3.5199    3.5588    3.6248    3.7060    4.7051    4.9571    5.6474    7.3678    8.8093    8.8745    9.1997    9.9434   10.0241   10.4407   12.2147   12.5439   13.3931
  3.0966  -17.4325  -17.4316  -17.3676  -17.3634  -17.2520  -17.2506  -17.2100  -17.2035  -17.1734  -17.1573  -14.5199  -14.4889  -13.3717  -13.3317   -8.4604   -8.3072   -8.2586   -8.2279   -8.2072   -6.9727   -6.3326   -4.3868   -3.6893   -3.6072   -3.5449   -2.7963   -2.6532   -2.3989   -2.2244   -1.6477   -1.5845    3.5099    3.6262    3.7021    3.7887    4.7746    5.0038    5.7055    7.4170    8.6233    8.8458    9.0228    9.9129   10.1607   10.6012   12.0761   12.3387   13.2959
  3.1453  -17.4334  -17.4314  -17.3676  -17.3628  -17.2538  -17.2508  -17.2096  -17.2031  -17.1735  -17.1573  -14.5031  -14.4703  -13.4159  -13.3283   -8.4577   -8.3335   -8.2576   -8.2205   -8.2008   -6.9142   -6.3106   -4.4856   -3.7429   -3.5925   -3.5325   -2.9121   -2.6552   -2.4399   -2.1353   -1.6819   -1.5494    3.5214    3.7298    3.8176    3.9066    4.8899    5.0772    5.8006    7.4950    8.3791    8.7344    8.8794    9.8731   10.2969   10.7756   11.8589   12.0361   13.0987
  3.1940  -17.4344  -17.4309  -17.3685  -17.3610  -17.2561  -17.2511  -17.2091  -17.2026  -17.1737  -17.1574  -14.4840  -14.4421  -13.4736  -13.3238   -8.4545   -8.3578   -8.2560   -8.2156   -8.1943   -6.8510   -6.2714   -4.6013   -3.8109   -3.6017   -3.5070   -3.0240   -2.6527   -2.4938   -2.0771   -1.7064   -1.5018    3.5567    3.8531    3.9734    4.0540    5.0509    5.1745    5.9319    7.5962    8.1181    8.5250    8.8175    9.8218   10.4025   10.9135   11.5794   11.6786   12.8316
  3.2427  -17.4357  -17.4305  -17.3701  -17.3583  -17.2586  -17.2514  -17.2086  -17.2019  -17.1737  -17.1576  -14.4655  -14.4040  -13.5406  -13.3184   -8.4517   -8.3776   -8.2540   -8.2117   -8.1889   -6.7991   -6.2075   -4.7237   -3.8885   -3.6249   -3.4912   -3.1218   -2.6450   -2.5508   -2.0748   -1.6976   -1.4456    3.6138    3.9811    4.1670    4.2261    5.2517    5.2969    6.0962    7.6858    7.8937    8.3106    8.7586    9.7542   10.4675   10.9648   11.2573   11.3191   12.5154
  3.2914  -17.4369  -17.4302  -17.3722  -17.3549  -17.2614  -17.2518  -17.2079  -17.2012  -17.1740  -17.1576  -14.4505  -14.3568  -13.6113  -13.3123   -8.4512   -8.3899   -8.2517   -8.2084   -8.1847   -6.7713   -6.1161   -4.8435   -3.9711   -3.6564   -3.5025   -3.1967   -2.6527   -2.5759   -2.1257   -1.6576   -1.3866    3.6898    4.1077    4.3737    4.4259    5.4190    5.5138    6.2887    7.5567    7.9206    8.1145    8.6886    9.6639   10.4945   10.7376   10.9822   11.1006   12.1633
  3.3401  -17.4380  -17.4296  -17.3746  -17.3508  -17.2644  -17.2523  -17.2072  -17.2006  -17.1742  -17.1577  -14.4435  -14.3017  -13.6787  -13.3058   -8.4542   -8.3926   -8.2492   -8.2058   -8.1815   -6.7710   -6.0055   -4.9509   -4.0561   -3.6912   -3.5427   -3.2547   -2.6850   -2.5448   -2.2023   -1.6100   -1.3306    3.7803    4.2320    4.5512    4.6684    5.5737    5.8012    6.5008    7.3522    7.9448    8.0638    8.6080    9.5398   10.3312   10.5015   10.6693   11.0578   11.7939
  3.3887  -17.4390  -17.4289  -17.3774  -17.3462  -17.2672  -17.2527  -17.2067  -17.2002  -17.1746  -17.1579  -14.4505  -14.2398  -13.7342  -13.2992   -8.4590   -8.3874   -8.2467   -8.2042   -8.1788   -6.7954   -5.8954   -5.0319   -4.1425   -3.7226   -3.5960   -3.3182   -2.7021   -2.4895   -2.2807   -1.5717   -1.2826    3.8799    4.3525    4.6938    4.9277    5.7425    6.1247    6.7119    7.1888    7.8079    8.1984    8.5299    9.3687    9.9349   10.3794   10.5070   11.0116   11.4256
  3.4374  -17.4397  -17.4283  -17.3805  -17.3412  -17.2700  -17.2532  -17.2060  -17.1996  -17.1749  -17.1580  -14.4778  -14.1721  -13.7697  -13.2927   -8.4625   -8.3773   -8.2442   -8.2039   -8.1766   -6.8399   -5.8138   -5.0665   -4.2288   -3.7441   -3.6474   -3.4005   -2.6995   -2.4342   -2.3279   -1.5515   -1.2469    3.9823    4.4694    4.7960    5.1791    5.9156    6.4783    6.8615    7.1268    7.7117    8.2444    8.5162    9.1501    9.5753   10.1517   10.5095   10.9691   11.0754
  3.4374  -17.4397  -17.4283  -17.3805  -17.3412  -17.2700  -17.2532  -17.2060  -17.1996  -17.1749  -17.1580  -14.4778  -14.1721  -13.7697  -13.2927   -8.4625   -8.3773   -8.2442   -8.2039   -8.1766   -6.8399   -5.8138   -5.0665   -4.2288   -3.7441   -3.6474   -3.4005   -2.6995   -2.4342   -2.3279   -1.5515   -1.2469    3.9823    4.4694    4.7960    5.1791    5.9156    6.4783    6.8615    7.1268    7.7117    8.2444    8.5162    9.1501    9.5753   10.1517   10.5095   10.9691   11.0754
  3.4813  -17.4404  -17.4279  -17.3838  -17.3364  -17.2723  -17.2539  -17.2055  -17.1993  -17.1753  -17.1581  -14.5219  -14.1071  -13.7808  -13.2872   -8.4633   -8.3657   -8.2423   -8.2049   -8.1751   -6.8934   -5.7862   -5.0440   -4.3028   -3.7540   -3.6845   -3.4892   -2.6936   -2.4261   -2.2891   -1.5533   -1.2277    4.0708    4.5721    4.8542    5.3808    6.0534    6.8153    6.8745    7.2007    7.6821    8.1750    8.5691    8.9489    9.3046    9.9811   10.5245   10.7670   10.9555
  3.5252  -17.4406  -17.4275  -17.3870  -17.3313  -17.2744  -17.2545  -17.2051  -17.1990  -17.1757  -17.1582  -14.5828  -14.0392  -13.7732  -13.2823   -8.4612   -8.3524   -8.2408   -8.2070   -8.1738   -6.9559   -5.8023   -4.9789   -4.3656   -3.7632   -3.7042   -3.5850   -2.6936   -2.4201   -2.2029   -1.5757   -1.2207    4.1495    4.6737    4.8866    5.5417    6.1388    6.8581    7.1471    7.2826    7.7423    8.0728    8.5459    8.8300    9.1230    9.8349   10.4464   10.6071   10.9003
  3.5690  -17.4407  -17.4271  -17.3903  -17.3260  -17.2762  -17.2551  -17.2048  -17.1989  -17.1761  -17.1583  -14.6560  -13.9691  -13.7505  -13.2779   -8.4561   -8.3382   -8.2398   -8.2103   -8.1729   -7.0245   -5.8464   -4.9009   -4.4036   -3.7823   -3.7027   -3.6818   -2.6909   -2.3946   -2.1012   -1.6199   -1.2245    4.2122    4.7747    4.9026    5.6490    6.1348    6.8419    7.2445    7.5528    7.8483    7.9973    8.4317    8.7555    9.1079    9.7067   10.2163   10.6301   10.8189
  3.6129  -17.4405  -17.4266  -17.3938  -17.3206  -17.2779  -17.2559  -17.2045  -17.1987  -17.1763  -17.1584  -14.7368  -13.8980  -13.7169  -13.2743   -8.4479   -8.3237   -8.2395   -8.2145   -8.1724   -7.0961   -5.9031   -4.8456   -4.3959   -3.8124   -3.7722   -3.6901   -2.6677   -2.3617   -1.9904   -1.6849   -1.2351    4.2552    4.8662    4.9217    5.6991    6.0302    6.7961    7.2463    7.8161    7.8814    8.0865    8.3572    8.6877    9.2159    9.5980   10.0245   10.6128   10.8142
  3.6568  -17.4398  -17.4262  -17.3970  -17.3149  -17.2791  -17.2564  -17.2042  -17.1985  -17.1766  -17.1583  -14.8209  -13.8266  -13.6763  -13.2714   -8.4369   -8.3094   -8.2400   -8.2193   -8.1724   -7.1679   -5.9632   -4.8316   -4.3327   -3.8807   -3.8210   -3.6779   -2.6114   -2.3357   -1.8747   -1.7674   -1.2459    4.2739    4.8974    5.0006    5.6928    5.8501    6.7050    7.2327    7.7317    8.0440    8.2474    8.4210    8.7036    9.3687    9.5180    9.9167   10.5820   10.8852
  3.7006  -17.4389  -17.4257  -17.4002  -17.3091  -17.2799  -17.2571  -17.2041  -17.1985  -17.1769  -17.1583  -14.9053  -13.7561  -13.6316  -13.2693   -8.4234   -8.2964   -8.2417   -8.2238   -8.1730   -7.2375   -6.0217   -4.8449   -4.2341   -3.9614   -3.8544   -3.6659   -2.5214   -2.3282   -1.8694   -1.7488   -1.2489    4.2626    4.9020    5.0996    5.5687    5.7042    6.5830    7.1942    7.6387    8.0508    8.3048    8.5935    8.8606    9.4868    9.5472    9.9224   10.6043   10.9926
  3.7445  -17.4380  -17.4254  -17.4034  -17.3035  -17.2806  -17.2578  -17.2041  -17.1987  -17.1771  -17.1583  -14.9875  -13.6874  -13.5851  -13.2680   -8.4084   -8.2859   -8.2448   -8.2272   -8.1740   -7.3027   -6.0758   -4.8648   -4.1315   -4.0275   -3.8907   -3.6520   -2.4099   -2.3471   -1.9659   -1.6278   -1.2377    4.2138    4.8936    5.1746    5.3346    5.6558    6.4529    7.1332    7.5362    7.9989    8.3135    8.6769    9.0531    9.5942    9.7449   10.0350   10.7011   11.1336
  3.7884  -17.4368  -17.4251  -17.4064  -17.2982  -17.2808  -17.2586  -17.2042  -17.1989  -17.1774  -17.1582  -15.0659  -13.6215  -13.5386  -13.2674   -8.3925   -8.2797   -8.2476   -8.2288   -8.1754   -7.3617   -6.1242   -4.8793   -4.1209   -4.0083   -3.9169   -3.6352   -2.3982   -2.3193   -2.0189   -1.5062   -1.2086    4.1221    4.8601    5.0104    5.3145    5.6457    6.3346    7.0602    7.4251    7.8970    8.3214    8.7142    9.1115    9.8778    9.9780   10.2074   10.8689   11.3100
  3.8323  -17.4354  -17.4249  -17.4092  -17.2935  -17.2802  -17.2592  -17.2044  -17.1991  -17.1776  -17.1581  -15.1389  -13.5594  -13.4937  -13.2675   -8.3776   -8.2785   -8.2481   -8.2287   -8.1772   -7.4133   -6.1661   -4.8824   -4.1695   -4.0105   -3.8643   -3.6171   -2.4725   -2.3426   -1.9396   -1.3873   -1.1634    3.9858    4.7338    4.8052    5.3932    5.6807    6.2413    6.9838    7.3102    7.7561    8.3453    8.7343    9.0972   10.1930   10.2355   10.4103   11.0716   11.4618
  3.8761  -17.4340  -17.4249  -17.4119  -17.2900  -17.2788  -17.2600  -17.2046  -17.1995  -17.1779  -17.1581  -15.2055  -13.5021  -13.4515  -13.2680   -8.3666   -8.2789   -8.2473   -8.2273   -8.1794   -7.4571   -6.2017   -4.8710   -4.2115   -4.0532   -3.7856   -3.6017   -2.5627   -2.4306   -1.7749   -1.2739   -1.1070    3.8115    4.4780    4.7076    5.4775    5.7494    6.1800    6.9098    7.1965    7.5950    8.3858    8.7509    9.0585   10.3323   10.4663   10.6987   11.1848   11.4881
  3.9200  -17.4325  -17.4249  -17.4143  -17.2878  -17.2763  -17.2607  -17.2049  -17.1999  -17.1781  -17.1580  -15.2649  -13.4505  -13.4130  -13.2688   -8.3626   -8.2755   -8.2465   -8.2253   -8.1818   -7.4928   -6.2310   -4.8435   -4.2421   -4.0983   -3.7312   -3.5929   -2.6513   -2.5230   -1.5871   -1.1684   -1.0454    3.6124    4.2380    4.5969    5.5670    5.8286    6.1589    6.8425    7.0882    7.4301    8.4411    8.7722    9.0121   10.3224   10.4606   11.0254   11.3636   11.7307
  3.9639  -17.4310  -17.4249  -17.4164  -17.2869  -17.2730  -17.2612  -17.2052  -17.2002  -17.1782  -17.1580  -15.3162  -13.4053  -13.3791  -13.2699   -8.3661   -8.2667   -8.2458   -8.2234   -8.1844   -7.5207   -6.2542   -4.7995   -4.2611   -4.1402   -3.7178   -3.5935   -2.7199   -2.6034   -1.3970   -1.0734   -0.9841    3.4045    4.0235    4.4814    5.6586    5.8928    6.1847    6.7865    6.9898    7.2717    8.5083    8.8008    8.9678   10.1928   10.2982   11.3625   11.7049   12.0056
  4.0077  -17.4295  -17.4249  -17.4182  -17.2863  -17.2697  -17.2617  -17.2054  -17.2004  -17.1783  -17.1578  -15.3590  -13.3672  -13.3503  -13.2711   -8.3739   -8.2560   -8.2441   -8.2219   -8.1871   -7.5418   -6.2722   -4.7400   -4.2692   -4.1766   -3.7525   -3.6042   -2.7577   -2.6657   -1.2164   -0.9910   -0.9279    3.2036    3.8406    4.3712    5.7477    5.9286    6.2507    6.7466    6.9071    7.1290    8.5815    8.8225    8.9479    9.9825   10.1266   11.7004   12.0545   12.2802
  4.0516  -17.4281  -17.4250  -17.4196  -17.2861  -17.2668  -17.2621  -17.2057  -17.2010  -17.1785  -17.1579  -15.3927  -13.3370  -13.3274  -13.2724   -8.3827   -8.2500   -8.2379   -8.2209   -8.1899   -7.5569   -6.2855   -4.6681   -4.2684   -4.2065   -3.8256   -3.6249   -2.7679   -2.7086   -1.0573   -0.9237   -0.8808    3.0245    3.6936    4.2759    5.8282    5.9442    6.3247    6.7299    6.8424    7.0058    8.6524    8.8017    8.9934    9.7734    9.9435   12.0075   12.2988   12.5891
  4.0955  -17.4267  -17.4251  -17.4208  -17.2859  -17.2645  -17.2624  -17.2058  -17.2011  -17.1783  -17.1578  -15.4171  -13.3149  -13.3106  -13.2735   -8.3903   -8.2485   -8.2289   -8.2203   -8.1923   -7.5670   -6.2944   -4.5897   -4.2619   -4.2292   -3.9160   -3.6503   -2.7627   -2.7341   -0.9308   -0.8731   -0.8459    2.8822    3.5857    4.2017    5.8949    5.9517    6.3758    6.7423    6.7996    6.9067    8.7137    8.7608    9.0906    9.6048    9.7559   12.2527   12.4293   12.9152
  4.1393  -17.4257  -17.4252  -17.4218  -17.2858  -17.2631  -17.2625  -17.2059  -17.2013  -17.1784  -17.1577  -15.4318  -13.3013  -13.3002  -13.2745   -8.3953   -8.2481   -8.2223   -8.2200   -8.1942   -7.5727   -6.2996   -4.5201   -4.2546   -4.2449   -3.9964   -3.6714   -2.7545   -2.7471   -0.8486   -0.8402   -0.8256    2.7899    3.5198    4.1548    5.9400    5.9549    6.3964    6.7688    6.7825    6.8369    8.7215    8.7594    9.2156    9.4952    9.5761   12.3790   12.5260   12.9419
  4.1832  -17.4252  -17.4252  -17.4218  -17.2857  -17.2626  -17.2626  -17.2057  -17.2013  -17.1783  -17.1574  -15.4367  -13.2967  -13.2967  -13.2750   -8.3969   -8.2479   -8.2199   -8.2199   -8.1949   -7.5744   -6.3012   -4.4889   -4.2511   -4.2511   -4.0308   -3.6795   -2.7506   -2.7506   -0.8279   -0.8199   -0.8199    2.7580    3.4984    4.1405    5.9562    5.9562    6.4006    6.7845    6.7845    6.8029    8.7084    8.7744    9.3156    9.4578    9.4578   12.4112   12.5714   12.9372
  4.1832  -17.4459  -17.4241  -17.3777  -17.3362  -17.2866  -17.2676  -17.2007  -17.1937  -17.1766  -17.1596  -14.1885  -14.1699  -13.6842  -13.5303   -8.3860   -8.2838   -8.2404   -8.1890   -8.1622   -7.2802   -7.0086   -5.7809   -4.4178   -3.8641   -3.4797   -2.2502   -2.1418   -1.9287   -1.4131   -1.3153   -1.0968    3.2328    3.7264    4.9742    6.1715    6.6890    6.7393    6.9910    7.3961    7.5397    7.8376    8.5797    8.9288    9.1822    9.4333   10.4978   11.0475   11.0929
  4.2376  -17.4458  -17.4243  -17.3775  -17.3367  -17.2861  -17.2675  -17.2008  -17.1938  -17.1766  -17.1595  -14.1883  -14.1711  -13.6854  -13.5327   -8.3867   -8.2920   -8.2421   -8.1889   -8.1622   -7.2520   -6.9927   -5.7791   -4.4140   -3.8611   -3.4766   -2.2657   -2.1718   -1.9331   -1.4228   -1.3197   -1.1141    3.2525    3.7464    5.0215    6.1886    6.6396    6.7155    6.9736    7.2847    7.5994    7.8382    8.5105    8.9728    9.1392    9.5646   10.4958   11.0377   11.1351
  4.2920  -17.4455  -17.4246  -17.3769  -17.3382  -17.2846  -17.2670  -17.2010  -17.1941  -17.1764  -17.1594  -14.1887  -14.1751  -13.6881  -13.5387   -8.3889   -8.3131   -8.2465   -8.1886   -8.1624   -7.1718   -6.9464   -5.7735   -4.4026   -3.8518   -3.4673   -2.3137   -2.2545   -1.9461   -1.4493   -1.3327   -1.1624    3.3101    3.8035    5.1517    6.2218    6.4994    6.6143    6.9647    7.1231    7.6060    7.8826    8.3927    8.9452    9.1543    9.8684   10.4819   11.0504   11.2336
  4.3463  -17.4449  -17.4252  -17.3759  -17.3403  -17.2822  -17.2662  -17.2015  -17.1945  -17.1762  -17.1592  -14.1924  -14.1823  -13.6900  -13.5460   -8.3924   -8.3400   -8.2526   -8.1883   -8.1632   -7.0518   -6.8738   -5.7631   -4.3837   -3.8368   -3.4526   -2.4176   -2.3502   -1.9672   -1.4874   -1.3561   -1.2330    3.4007    3.8887    5.3251    6.1589    6.2960    6.5103    6.9469    7.0549    7.5399    7.9797    8.2891    8.7973    9.2676   10.2377   10.4454   11.1126   11.3554
  4.4007  -17.4442  -17.4259  -17.3746  -17.3429  -17.2791  -17.2651  -17.2021  -17.1952  -17.1759  -17.1590  -14.2033  -14.1932  -13.6874  -13.5509   -8.3972   -8.3667   -8.2592   -8.1882   -8.1646   -6.9081   -6.7808   -5.7450   -4.3567   -3.8164   -3.4343   -2.5788   -2.4329   -1.9954   -1.5328   -1.3962   -1.3091    3.5162    3.9882    5.4637    5.9140    6.0227    6.5607    6.8993    7.1236    7.4801    8.0377    8.2338    8.6959    9.3078   10.3555   10.6671   11.2128   11.4598
  4.4007  -17.4442  -17.4259  -17.3746  -17.3429  -17.2791  -17.2651  -17.2021  -17.1952  -17.1759  -17.1590  -14.2033  -14.1932  -13.6874  -13.5509   -8.3972   -8.3667   -8.2592   -8.1882   -8.1646   -6.9081   -6.7807   -5.7450   -4.3567   -3.8164   -3.4343   -2.5788   -2.4329   -1.9954   -1.5328   -1.3962   -1.3091    3.5161    3.9882    5.4637    5.9140    6.0227    6.5607    6.8993    7.1236    7.4801    8.0377    8.2338    8.6959    9.3078   10.3555   10.6671   11.2128   11.4598
  4.4450  -17.4436  -17.4267  -17.3735  -17.3453  -17.2764  -17.2641  -17.2029  -17.1958  -17.1756  -17.1590  -14.2188  -14.2064  -13.6796  -13.5509   -8.4019   -8.3857   -8.2642   -8.1883   -8.1663   -6.7881   -6.6951   -5.7198   -4.3283   -3.7968   -3.4186   -2.7239   -2.4995   -2.0228   -1.5727   -1.4511   -1.3579    3.6218    4.0685    5.4827    5.6709    5.7740    6.6421    6.8867    7.2293    7.4867    7.9497    8.3121    8.6769    9.2316   10.3206   10.9965   11.3081   11.5049
  4.4892  -17.4428  -17.4275  -17.3723  -17.3479  -17.2736  -17.2630  -17.2036  -17.1966  -17.1754  -17.1588  -14.2395  -14.2255  -13.6651  -13.5459   -8.4067   -8.4009   -8.2683   -8.1884   -8.1685   -6.6802   -6.6057   -5.6774   -4.2928   -3.7746   -3.4037   -2.8667   -2.5622   -2.0537   -1.6149   -1.5204   -1.3937    3.7308    4.1384    5.3679    5.4421    5.5414    6.7086    6.8511    7.4095    7.5649    7.8358    8.4271    8.6906    9.0721   10.3125   11.3066   11.4248   11.5276
  4.5335  -17.4419  -17.4282  -17.3711  -17.3504  -17.2707  -17.2618  -17.2043  -17.1973  -17.1751  -17.1585  -14.2647  -14.2505  -13.6434  -13.5353   -8.4133   -8.4102   -8.2714   -8.1887   -8.1710   -6.5969   -6.5213   -5.6086   -4.2485   -3.7506   -3.3924   -2.9965   -2.6165   -2.0867   -1.6624   -1.5870   -1.4241    3.8343    4.1880    5.1368    5.2196    5.3668    6.6944    6.8151    7.5548    7.6792    7.8863    8.4856    8.7173    8.9142   10.3420   11.4616   11.5481   11.6953
  4.5778  -17.4407  -17.4288  -17.3698  -17.3528  -17.2677  -17.2603  -17.2050  -17.1981  -17.1748  -17.1582  -14.2936  -14.2806  -13.6153  -13.5194   -8.4217   -8.4128   -8.2734   -8.1893   -8.1739   -6.5485   -6.4494   -5.5064   -4.1936   -3.7252   -3.3892   -3.1021   -2.6589   -2.1214   -1.7218   -1.6360   -1.4525    3.9214    4.2085    4.9008    4.9830    5.2097    6.5819    6.7867    7.5554    7.7922    8.2140    8.3736    8.8112    8.8420   10.4295   11.5154   11.6260   12.0103
  4.6220  -17.4396  -17.4294  -17.3686  -17.3552  -17.2648  -17.2588  -17.2057  -17.1988  -17.1744  -17.1580  -14.3253  -14.3137  -13.5818  -13.4992   -8.4288   -8.4120   -8.2743   -8.1903   -8.1771   -6.5412   -6.3914   -5.3727   -4.1267   -3.6997   -3.4018   -3.1712   -2.6881   -2.1569   -1.7906   -1.6663   -1.4796    3.9773    4.1919    4.6854    4.7581    5.0612    6.4307    6.6912    7.5728    7.9302    8.1793    8.6006    8.7443    9.0351   10.5756   11.5418   11.7277   11.9664
  4.6663  -17.4384  -17.4299  -17.3675  -17.3576  -17.2622  -17.2575  -17.2066  -17.1997  -17.1742  -17.1579  -14.3588  -14.3475  -13.5448  -13.4758   -8.4351   -8.4071   -8.2743   -8.1921   -8.1809   -6.5708   -6.3484   -5.2173   -4.0483   -3.6751   -3.4324   -3.1971   -2.7043   -2.1925   -1.8612   -1.6833   -1.5052    3.9852    4.1330    4.5003    4.5532    4.9385    6.2526    6.5254    7.6518    7.9923    8.1214    8.5905    8.9708    9.3507   10.7299   11.5752   11.8011   11.9066
  4.7106  -17.4373  -17.4305  -17.3666  -17.3599  -17.2597  -17.2561  -17.2074  -17.2006  -17.1742  -17.1578  -14.3932  -14.3800  -13.5062  -13.4505   -8.4410   -8.3978   -8.2736   -8.1946   -8.1850   -6.6271   -6.3215   -5.0517   -3.9622   -3.6525   -3.4696   -3.1877   -2.7093   -2.2271   -1.9300   -1.6896   -1.5288    3.9365    4.0358    4.3463    4.3706    4.8568    6.0421    6.3316    7.7676    7.9114    8.2456    8.5197    9.1893    9.7928   10.8090   11.5503   11.8731   11.9789
  4.7548  -17.4361  -17.4309  -17.3658  -17.3619  -17.2574  -17.2548  -17.2081  -17.2015  -17.1740  -17.1577  -14.4267  -14.4099  -13.4678  -13.4250   -8.4463   -8.3842   -8.2720   -8.1981   -8.1895   -6.6995   -6.3093   -4.8865   -3.8756   -3.6335   -3.5011   -3.1506   -2.7053   -2.2598   -1.9969   -1.6865   -1.5501    3.8468    3.9189    4.2002    4.2194    4.8163    5.7986    6.1520    7.7660    7.9731    8.3665    8.5290    9.3693   10.2768   10.7830   11.4051   12.0797   12.1285
  4.7991  -17.4349  -17.4311  -17.3652  -17.3637  -17.2554  -17.2536  -17.2088  -17.2022  -17.1739  -17.1576  -14.4575  -14.4366  -13.4314  -13.4006   -8.4511   -8.3668   -8.2699   -8.2027   -8.1942   -6.7788   -6.3088   -4.7299   -3.7979   -3.6199   -3.5237   -3.0869   -2.6956   -2.2896   -2.0627   -1.6757   -1.5688    3.7456    3.8017    4.0502    4.0941    4.7998    5.5458    5.9985    7.6642    8.1495    8.4760    8.6206    9.5294   10.6247   10.8154   11.2246   12.1781   12.4691
  4.8433  -17.4339  -17.4314  -17.3656  -17.3644  -17.2538  -17.2526  -17.2093  -17.2028  -17.1736  -17.1574  -14.4843  -14.4596  -13.3989  -13.3785   -8.4552   -8.3465   -8.2673   -8.2087   -8.1993   -6.8567   -6.3160   -4.5886   -3.7366   -3.6140   -3.5378   -2.9980   -2.6829   -2.3155   -2.1289   -1.6604   -1.5843    3.6551    3.6985    3.9127    3.9748    4.7902    5.3136    5.8704    7.5600    8.3398    8.6007    8.7460    9.6700   10.5047   10.9729   11.3084   12.2696   12.8231
  4.8876  -17.4330  -17.4316  -17.3668  -17.3639  -17.2523  -17.2517  -17.2098  -17.2032  -17.1735  -17.1573  -14.5060  -14.4781  -13.3718  -13.3601   -8.4585   -8.3241   -8.2646   -8.2166   -8.2044   -6.9261   -6.3266   -4.4681   -3.6928   -3.6173   -3.5445   -2.8911   -2.6700   -2.3367   -2.1969   -1.6431   -1.5966    3.5871    3.6186    3.7922    3.8640    4.7735    5.1285    5.7673    7.4714    8.5299    8.7235    8.8934    9.7877   10.3383   10.7765   11.7215   12.3551   13.1288
  4.9319  -17.4323  -17.4316  -17.3676  -17.3635  -17.2513  -17.2510  -17.2101  -17.2035  -17.1732  -17.1572  -14.5221  -14.4917  -13.3515  -13.3461   -8.4608   -8.3011   -8.2620   -8.2273   -8.2087   -6.9807   -6.3369   -4.3744   -3.6641   -3.6274   -3.5458   -2.7795   -2.6588   -2.3526   -2.2670   -1.6272   -1.6054    3.5465    3.5665    3.6936    3.7693    4.7403    5.0104    5.6915    7.4061    8.7030    8.8139    9.0618    9.8784   10.1677   10.5822   12.0484   12.4493   13.3229
  4.9761  -17.4318  -17.4317  -17.3683  -17.3634  -17.2507  -17.2506  -17.2104  -17.2038  -17.1733  -17.1573  -14.5319  -14.5000  -13.3388  -13.3375   -8.4624   -8.2789   -8.2601   -8.2412   -8.2117   -7.0157   -6.3444   -4.3139   -3.6479   -3.6381   -3.5454   -2.6830   -2.6515   -2.3626   -2.3331   -1.6166   -1.6109    3.5329    3.5413    3.6218    3.7008    4.7000    4.9557    5.6442    7.3652    8.8324    8.8661    9.2136    9.9376   10.0223   10.4306   12.2187   12.5608   13.3995
  5.0204  -17.4318  -17.4318  -17.3685  -17.3633  -17.2505  -17.2505  -17.2103  -17.2037  -17.1733  -17.1573  -14.5352  -14.5027  -13.3345  -13.3345   -8.4629   -8.2595   -8.2595   -8.2577   -8.2127   -7.0277   -6.3470   -4.2929   -3.6427   -3.6427   -3.5451   -2.6489   -2.6388   -2.3661   -2.3661   -1.6129   -1.6129    3.5360    3.5360    3.5904    3.6744    4.6821    4.9416    5.6284    7.3513    8.8826    8.8826    9.2820    9.9589    9.9589   10.3702   12.2626   12.6172   13.4159
