#k-distance eigenvalue[eV]
0.00000000 -14.40390000
0.04165291 -14.40030000
0.08330584 -14.38950000
0.12495874 -14.37170000
0.16661165 -14.34690000
0.20826455 -14.31540000
0.24991748 -14.27740000
0.29157039 -14.23320000
0.33322329 -14.18320000
0.37487622 -14.12770000
0.41652913 -14.06740000
0.45818204 -14.00270000
0.49983494 -13.93430000
0.54148787 -13.86290000
0.58314078 -13.78920000
0.62479368 -13.71420000
0.66644661 -13.63880000
0.70809952 -13.56380000
0.74975242 -13.49040000
0.79140533 -13.41960000
0.83305826 -13.35250000
0.87471117 -13.29010000
0.91636407 -13.23350000
0.95801700 -13.18380000
0.99966991 -13.14170000
1.04132281 -13.10810000
1.08297572 -13.08360000
1.12462865 -13.06870000
1.16628155 -13.06370000
1.16628155 -13.06370000
1.21209742 -13.06360000
1.25791329 -13.06340000
1.30372915 -13.06340000
1.34954502 -13.06370000
1.39536089 -13.06490000
1.44117676 -13.06740000
1.48699261 -13.07190000
1.53280848 -13.07900000
1.57862435 -13.08950000
1.57862435 -13.08950000
1.62128050 -13.10290000
1.66393666 -13.12030000
1.70659281 -13.14240000
1.74924896 -13.16940000
1.79190510 -13.20190000
1.83456125 -13.23980000
1.87721741 -13.28340000
1.91987356 -13.33240000
1.96252971 -13.38650000
2.00518587 -13.44540000
2.04784202 -13.50840000
2.09049817 -13.57470000
2.13315433 -13.64360000
2.17581048 -13.71410000
2.21846662 -13.78520000
2.26112277 -13.85620000
2.30377892 -13.92590000
2.34643508 -13.99350000
2.38909123 -14.05810000
2.43174738 -14.11900000
2.47440353 -14.17540000
2.51705969 -14.22660000
2.55971584 -14.27220000
2.60237199 -14.31160000
2.64502813 -14.34440000
2.68768428 -14.37020000
2.73034044 -14.38880000
2.77299659 -14.40010000
2.81565274 -14.40390000
2.81565274 -14.40390000
2.85773730 -14.40020000
2.89982187 -14.38920000
2.94190643 -14.37110000
2.98399098 -14.34600000
3.02607555 -14.31410000
3.06816011 -14.27590000
3.11024466 -14.23170000
3.15232923 -14.18210000
3.19441379 -14.12770000
3.23649834 -14.06910000
3.27858292 -14.00730000
3.32066747 -13.94300000
3.36275202 -13.87730000
3.40483660 -13.81120000
3.44692115 -13.74610000
3.48900571 -13.68300000
3.53109028 -13.62320000
3.57317483 -13.56810000
3.61525939 -13.51890000
3.65734396 -13.47680000
3.69942852 -13.44290000
3.74151307 -13.41790000
3.78359764 -13.40260000
3.82568220 -13.39750000
3.82568220 -13.39750000
3.86908669 -13.39530000
3.91249121 -13.38890000
3.95589570 -13.37840000
3.99930022 -13.36390000
4.04270471 -13.34600000
4.08610923 -13.32480000
4.12951372 -13.30110000
4.17291824 -13.27520000
4.21632273 -13.24800000
4.25972726 -13.22000000
4.30313175 -13.19210000
4.34653627 -13.16510000
4.38994076 -13.13960000
4.43334528 -13.11660000
4.47674977 -13.09660000
4.52015429 -13.08030000
4.56355878 -13.06830000
4.60696330 -13.06090000
4.65036779 -13.05840000
4.65036779 -13.05840000
4.69522478 -13.05850000
4.74008176 -13.05870000
4.78493875 -13.05910000
4.82979573 -13.05960000
4.87465272 -13.06010000
4.91950970 -13.06070000
4.96436666 -13.06140000
5.00922365 -13.06200000
5.05408063 -13.06250000
5.09893761 -13.06300000
5.14379460 -13.06340000
5.18865158 -13.06360000
5.23350857 -13.06370000

0.00000000 -7.87720000
0.04165291 -7.87720000
0.08330584 -7.87720000
0.12495874 -7.87710000
0.16661165 -7.87690000
0.20826455 -7.87650000
0.24991748 -7.87570000
0.29157039 -7.87450000
0.33322329 -7.87260000
0.37487622 -7.87000000
0.41652913 -7.86670000
0.45818204 -7.86220000
0.49983494 -7.85660000
0.54148787 -7.84980000
0.58314078 -7.84190000
0.62479368 -7.83320000
0.66644661 -7.82380000
0.70809952 -7.81440000
0.74975242 -7.80510000
0.79140533 -7.79670000
0.83305826 -7.78960000
0.87471117 -7.78360000
0.91636407 -7.77920000
0.95801700 -7.77620000
0.99966991 -7.77370000
1.04132281 -7.77220000
1.08297572 -7.77130000
1.12462865 -7.77060000
1.16628155 -7.77100000
1.16628155 -7.77100000
1.21209742 -7.76980000
1.25791329 -7.76710000
1.30372915 -7.76250000
1.34954502 -7.75630000
1.39536089 -7.75060000
1.44117676 -7.74560000
1.48699261 -7.74160000
1.53280848 -7.73880000
1.57862435 -7.73730000
1.57862435 -7.73730000
1.62128050 -7.73660000
1.66393666 -7.73660000
1.70659281 -7.73700000
1.74924896 -7.73770000
1.79190510 -7.73860000
1.83456125 -7.73990000
1.87721741 -7.74140000
1.91987356 -7.74340000
1.96252971 -7.74580000
2.00518587 -7.74890000
2.04784202 -7.75290000
2.09049817 -7.75780000
2.13315433 -7.76750000
2.17581048 -7.77890000
2.21846662 -7.78980000
2.26112277 -7.80010000
2.30377892 -7.81030000
2.34643508 -7.82000000
2.38909123 -7.82950000
2.43174738 -7.83800000
2.47440353 -7.84660000
2.51705969 -7.85560000
2.55971584 -7.86220000
2.60237199 -7.86730000
2.64502813 -7.87130000
2.68768428 -7.87400000
2.73034044 -7.87590000
2.77299659 -7.87690000
2.81565274 -7.87720000
2.81565274 -7.87720000
2.85773730 -7.87680000
2.89982187 -7.87550000
2.94190643 -7.87310000
2.98399098 -7.86950000
3.02607555 -7.86460000
3.06816011 -7.85850000
3.11024466 -7.85000000
3.15232923 -7.84290000
3.19441379 -7.83580000
3.23649834 -7.82810000
3.27858292 -7.82040000
3.32066747 -7.81280000
3.36275202 -7.80560000
3.40483660 -7.79860000
3.44692115 -7.79240000
3.48900571 -7.78690000
3.53109028 -7.78200000
3.57317483 -7.77780000
3.61525939 -7.77460000
3.65734396 -7.77190000
3.69942852 -7.76970000
3.74151307 -7.76830000
3.78359764 -7.76740000
3.82568220 -7.76710000
3.82568220 -7.76710000
3.86908669 -7.76690000
3.91249121 -7.76580000
3.95589570 -7.76420000
3.99930022 -7.76210000
4.04270471 -7.75940000
4.08610923 -7.75600000
4.12951372 -7.75210000
4.17291824 -7.74730000
4.21632273 -7.74220000
4.25972726 -7.73660000
4.30313175 -7.73080000
4.34653627 -7.72510000
4.38994076 -7.72010000
4.43334528 -7.71590000
4.47674977 -7.71280000
4.52015429 -7.71040000
4.56355878 -7.70890000
4.60696330 -7.70810000
4.65036779 -7.70820000
4.65036779 -7.70820000
4.69522478 -7.70880000
4.74008176 -7.71110000
4.78493875 -7.71480000
4.82979573 -7.71970000
4.87465272 -7.72600000
4.91950970 -7.73320000
4.96436666 -7.74090000
5.00922365 -7.74860000
5.05408063 -7.75580000
5.09893761 -7.76200000
5.14379460 -7.76690000
5.18865158 -7.76980000
5.23350857 -7.77100000

0.00000000 -7.87720000
0.04165291 -7.87640000
0.08330584 -7.87400000
0.12495874 -7.87000000
0.16661165 -7.86430000
0.20826455 -7.85700000
0.24991748 -7.84840000
0.29157039 -7.83850000
0.33322329 -7.82720000
0.37487622 -7.81460000
0.41652913 -7.80130000
0.45818204 -7.78650000
0.49983494 -7.77090000
0.54148787 -7.75430000
0.58314078 -7.73710000
0.62479368 -7.71940000
0.66644661 -7.70150000
0.70809952 -7.68390000
0.74975242 -7.66610000
0.79140533 -7.64900000
0.83305826 -7.63270000
0.87471117 -7.61730000
0.91636407 -7.60330000
0.95801700 -7.59110000
0.99966991 -7.58040000
1.04132281 -7.57200000
1.08297572 -7.56580000
1.12462865 -7.56170000
1.16628155 -7.56050000
1.16628155 -7.56050000
1.21209742 -7.56110000
1.25791329 -7.56330000
1.30372915 -7.56680000
1.34954502 -7.57140000
1.39536089 -7.57740000
1.44117676 -7.58460000
1.48699261 -7.59300000
1.53280848 -7.60240000
1.57862435 -7.61290000
1.57862435 -7.61280000
1.62128050 -7.62310000
1.66393666 -7.63420000
1.70659281 -7.64570000
1.74924896 -7.65760000
1.79190510 -7.66980000
1.83456125 -7.68220000
1.87721741 -7.69460000
1.91987356 -7.70710000
1.96252971 -7.71960000
2.00518587 -7.73160000
2.04784202 -7.74380000
2.09049817 -7.75580000
2.13315433 -7.76370000
2.17581048 -7.77070000
2.21846662 -7.77870000
2.26112277 -7.78800000
2.30377892 -7.79890000
2.34643508 -7.81110000
2.38909123 -7.82430000
2.43174738 -7.83660000
2.47440353 -7.84570000
2.51705969 -7.85280000
2.55971584 -7.85910000
2.60237199 -7.86450000
2.64502813 -7.86910000
2.68768428 -7.87260000
2.73034044 -7.87510000
2.77299659 -7.87670000
2.81565274 -7.87720000
2.81565274 -7.87720000
2.85773730 -7.87660000
2.89982187 -7.87480000
2.94190643 -7.87180000
2.98399098 -7.86770000
3.02607555 -7.86260000
3.06816011 -7.85680000
3.11024466 -7.85000000
3.15232923 -7.84290000
3.19441379 -7.83580000
3.23649834 -7.82810000
3.27858292 -7.82040000
3.32066747 -7.81280000
3.36275202 -7.80560000
3.40483660 -7.79860000
3.44692115 -7.79240000
3.48900571 -7.78690000
3.53109028 -7.78200000
3.57317483 -7.77780000
3.61525939 -7.77460000
3.65734396 -7.77180000
3.69942852 -7.76970000
3.74151307 -7.76830000
3.78359764 -7.76740000
3.82568220 -7.76710000
3.82568220 -7.76710000
3.86908669 -7.76610000
3.91249121 -7.76290000
3.95589570 -7.75820000
3.99930022 -7.75150000
4.04270471 -7.74330000
4.08610923 -7.73410000
4.12951372 -7.72430000
4.17291824 -7.71380000
4.21632273 -7.70310000
4.25972726 -7.69250000
4.30313175 -7.68220000
4.34653627 -7.67220000
4.38994076 -7.66320000
4.43334528 -7.65450000
4.47674977 -7.64690000
4.52015429 -7.64020000
4.56355878 -7.63500000
4.60696330 -7.63160000
4.65036779 -7.63050000
4.65036779 -7.63050000
4.69522478 -7.62950000
4.74008176 -7.62710000
4.78493875 -7.62320000
4.82979573 -7.61810000
4.87465272 -7.61200000
4.91950970 -7.60450000
4.96436666 -7.59630000
5.00922365 -7.58790000
5.05408063 -7.57960000
5.09893761 -7.57210000
5.14379460 -7.56590000
5.18865158 -7.56180000
5.23350857 -7.56050000

0.00000000 -7.87720000
0.04165291 -7.87640000
0.08330584 -7.87400000
0.12495874 -7.87000000
0.16661165 -7.86430000
0.20826455 -7.85700000
0.24991748 -7.84840000
0.29157039 -7.83850000
0.33322329 -7.82720000
0.37487622 -7.81460000
0.41652913 -7.80130000
0.45818204 -7.78650000
0.49983494 -7.77090000
0.54148787 -7.75430000
0.58314078 -7.73710000
0.62479368 -7.71940000
0.66644661 -7.70150000
0.70809952 -7.68390000
0.74975242 -7.66610000
0.79140533 -7.64900000
0.83305826 -7.63260000
0.87471117 -7.61730000
0.91636407 -7.60330000
0.95801700 -7.59110000
0.99966991 -7.58040000
1.04132281 -7.57190000
1.08297572 -7.56580000
1.12462865 -7.56170000
1.16628155 -7.56050000
1.16628155 -7.56050000
1.21209742 -7.56050000
1.25791329 -7.56130000
1.30372915 -7.56110000
1.34954502 -7.55950000
1.39536089 -7.55610000
1.44117676 -7.55000000
1.48699261 -7.54110000
1.53280848 -7.52970000
1.57862435 -7.51720000
1.57862435 -7.51720000
1.62128050 -7.50450000
1.66393666 -7.49240000
1.70659281 -7.48150000
1.74924896 -7.47260000
1.79190510 -7.46650000
1.83456125 -7.46450000
1.87721741 -7.46740000
1.91987356 -7.47760000
1.96252971 -7.49720000
2.00518587 -7.52700000
2.04784202 -7.56480000
2.09049817 -7.60580000
2.13315433 -7.64630000
2.17581048 -7.68410000
2.21846662 -7.71760000
2.26112277 -7.74680000
2.30377892 -7.77130000
2.34643508 -7.79050000
2.38909123 -7.80560000
2.43174738 -7.81830000
2.47440353 -7.82950000
2.51705969 -7.83980000
2.55971584 -7.84900000
2.60237199 -7.85680000
2.64502813 -7.86400000
2.68768428 -7.86960000
2.73034044 -7.87380000
2.77299659 -7.87640000
2.81565274 -7.87720000
2.81565274 -7.87720000
2.85773730 -7.87660000
2.89982187 -7.87480000
2.94190643 -7.87180000
2.98399098 -7.86770000
3.02607555 -7.86260000
3.06816011 -7.85680000
3.11024466 -7.85000000
3.15232923 -7.83910000
3.19441379 -7.82530000
3.23649834 -7.80800000
3.27858292 -7.78670000
3.32066747 -7.76100000
3.36275202 -7.73040000
3.40483660 -7.69380000
3.44692115 -7.65130000
3.48900571 -7.60250000
3.53109028 -7.54740000
3.57317483 -7.48670000
3.61525939 -7.42170000
3.65734396 -7.40080000
3.69942852 -7.39870000
3.74151307 -7.39700000
3.78359764 -7.39600000
3.82568220 -7.39560000
3.82568220 -7.39560000
3.86908669 -7.39710000
3.91249121 -7.40120000
3.95589570 -7.40770000
3.99930022 -7.41570000
4.04270471 -7.42470000
4.08610923 -7.43400000
4.12951372 -7.44300000
4.17291824 -7.45120000
4.21632273 -7.45840000
4.25972726 -7.46390000
4.30313175 -7.46750000
4.34653627 -7.46960000
4.38994076 -7.47030000
4.43334528 -7.46970000
4.47674977 -7.46880000
4.52015429 -7.46730000
4.56355878 -7.46610000
4.60696330 -7.46520000
4.65036779 -7.46510000
4.65036779 -7.46510000
4.69522478 -7.47130000
4.74008176 -7.48330000
4.78493875 -7.49620000
4.82979573 -7.50860000
4.87465272 -7.52020000
4.91950970 -7.53030000
4.96436666 -7.53890000
5.00922365 -7.54600000
5.05408063 -7.55150000
5.09893761 -7.55570000
5.14379460 -7.55820000
5.18865158 -7.55990000
5.23350857 -7.56050000

0.00000000 -7.42190000
0.04165291 -7.42220000
0.08330584 -7.42320000
0.12495874 -7.42480000
0.16661165 -7.42680000
0.20826455 -7.42900000
0.24991748 -7.43240000
0.29157039 -7.43610000
0.33322329 -7.44000000
0.37487622 -7.44380000
0.41652913 -7.44740000
0.45818204 -7.45040000
0.49983494 -7.45310000
0.54148787 -7.45400000
0.58314078 -7.45290000
0.62479368 -7.44930000
0.66644661 -7.44250000
0.70809952 -7.43190000
0.74975242 -7.41630000
0.79140533 -7.39560000
0.83305826 -7.36970000
0.87471117 -7.36250000
0.91636407 -7.35980000
0.95801700 -7.35770000
0.99966991 -7.35500000
1.04132281 -7.35350000
1.08297572 -7.35240000
1.12462865 -7.35180000
1.16628155 -7.35150000
1.16628155 -7.35150000
1.21209742 -7.35200000
1.25791329 -7.35460000
1.30372915 -7.35750000
1.34954502 -7.36130000
1.39536089 -7.36600000
1.44117676 -7.37140000
1.48699261 -7.37730000
1.53280848 -7.38320000
1.57862435 -7.38980000
1.57862435 -7.38980000
1.62128050 -7.39550000
1.66393666 -7.40150000
1.70659281 -7.40730000
1.74924896 -7.41290000
1.79190510 -7.41810000
1.83456125 -7.42290000
1.87721741 -7.42730000
1.91987356 -7.43140000
1.96252971 -7.43470000
2.00518587 -7.43720000
2.04784202 -7.43930000
2.09049817 -7.44080000
2.13315433 -7.44170000
2.17581048 -7.44200000
2.21846662 -7.44130000
2.26112277 -7.44050000
2.30377892 -7.43930000
2.34643508 -7.43750000
2.38909123 -7.43590000
2.43174738 -7.43380000
2.47440353 -7.43160000
2.51705969 -7.42990000
2.55971584 -7.42780000
2.60237199 -7.42630000
2.64502813 -7.42500000
2.68768428 -7.42360000
2.73034044 -7.42270000
2.77299659 -7.42210000
2.81565274 -7.42190000
2.81565274 -7.42190000
2.85773730 -7.42190000
2.89982187 -7.42210000
2.94190643 -7.42240000
2.98399098 -7.42240000
3.02607555 -7.42280000
3.06816011 -7.42310000
3.11024466 -7.42300000
3.15232923 -7.42260000
3.19441379 -7.42260000
3.23649834 -7.42220000
3.27858292 -7.42110000
3.32066747 -7.41990000
3.36275202 -7.41860000
3.40483660 -7.41630000
3.44692115 -7.41390000
3.48900571 -7.41160000
3.53109028 -7.40880000
3.57317483 -7.40600000
3.61525939 -7.40330000
3.65734396 -7.40080000
3.69942852 -7.39860000
3.74151307 -7.39700000
3.78359764 -7.39600000
3.82568220 -7.39560000
3.82568220 -7.39560000
3.86908669 -7.39570000
3.91249121 -7.39600000
3.95589570 -7.39650000
3.99930022 -7.39720000
4.04270471 -7.39820000
4.08610923 -7.39960000
4.12951372 -7.40140000
4.17291824 -7.40350000
4.21632273 -7.40610000
4.25972726 -7.40920000
4.30313175 -7.41260000
4.34653627 -7.41620000
4.38994076 -7.42050000
4.43334528 -7.42490000
4.47674977 -7.42930000
4.52015429 -7.43320000
4.56355878 -7.43640000
4.60696330 -7.43850000
4.65036779 -7.43940000
4.65036779 -7.43940000
4.69522478 -7.43330000
4.74008176 -7.42210000
4.78493875 -7.41050000
4.82979573 -7.39930000
4.87465272 -7.38930000
4.91950970 -7.38040000
4.96436666 -7.37290000
5.00922365 -7.36640000
5.05408063 -7.36110000
5.09893761 -7.35700000
5.14379460 -7.35410000
5.18865158 -7.35200000
5.23350857 -7.35150000

0.00000000 -7.42190000
0.04165291 -7.42170000
0.08330584 -7.42100000
0.12495874 -7.41990000
0.16661165 -7.41830000
0.20826455 -7.41610000
0.24991748 -7.41390000
0.29157039 -7.41110000
0.33322329 -7.40830000
0.37487622 -7.40510000
0.41652913 -7.40200000
0.45818204 -7.39840000
0.49983494 -7.39480000
0.54148787 -7.39090000
0.58314078 -7.38710000
0.62479368 -7.38320000
0.66644661 -7.37930000
0.70809952 -7.37570000
0.74975242 -7.37200000
0.79140533 -7.36860000
0.83305826 -7.36540000
0.87471117 -7.33840000
0.91636407 -7.30350000
0.95801700 -7.26700000
0.99966991 -7.22930000
1.04132281 -7.19500000
1.08297572 -7.16700000
1.12462865 -7.14840000
1.16628155 -7.14210000
1.16628155 -7.14210000
1.21209742 -7.13870000
1.25791329 -7.13080000
1.30372915 -7.11760000
1.34954502 -7.10030000
1.39536089 -7.08100000
1.44117676 -7.06090000
1.48699261 -7.04200000
1.53280848 -7.02640000
1.57862435 -7.01770000
1.57862435 -7.01770000
1.62128050 -7.01700000
1.66393666 -7.02590000
1.70659281 -7.04540000
1.74924896 -7.07560000
1.79190510 -7.11530000
1.83456125 -7.16230000
1.87721741 -7.21180000
1.91987356 -7.25990000
1.96252971 -7.30080000
2.00518587 -7.33140000
2.04784202 -7.35260000
2.09049817 -7.36700000
2.13315433 -7.37740000
2.17581048 -7.38540000
2.21846662 -7.39200000
2.26112277 -7.39750000
2.30377892 -7.40220000
2.34643508 -7.40600000
2.38909123 -7.40940000
2.43174738 -7.41220000
2.47440353 -7.41440000
2.51705969 -7.41640000
2.55971584 -7.41810000
2.60237199 -7.41930000
2.64502813 -7.42030000
2.68768428 -7.42100000
2.73034044 -7.42150000
2.77299659 -7.42180000
2.81565274 -7.42190000
2.81565274 -7.42190000
2.85773730 -7.42190000
2.89982187 -7.42210000
2.94190643 -7.42240000
2.98399098 -7.42240000
3.02607555 -7.42280000
3.06816011 -7.42310000
3.11024466 -7.42300000
3.15232923 -7.42260000
3.19441379 -7.42260000
3.23649834 -7.42220000
3.27858292 -7.42110000
3.32066747 -7.41990000
3.36275202 -7.41860000
3.40483660 -7.41630000
3.44692115 -7.41390000
3.48900571 -7.41160000
3.53109028 -7.40880000
3.57317483 -7.40600000
3.61525939 -7.40330000
3.65734396 -7.35470000
3.69942852 -7.29010000
3.74151307 -7.23330000
3.78359764 -7.19450000
3.82568220 -7.18050000
3.82568220 -7.18050000
3.86908669 -7.17910000
3.91249121 -7.17490000
3.95589570 -7.16850000
3.99930022 -7.16010000
4.04270471 -7.15010000
4.08610923 -7.13910000
4.12951372 -7.12730000
4.17291824 -7.11430000
4.21632273 -7.10040000
4.25972726 -7.08550000
4.30313175 -7.06960000
4.34653627 -7.05280000
4.38994076 -7.03580000
4.43334528 -7.01870000
4.47674977 -7.00280000
4.52015429 -6.98870000
4.56355878 -6.97770000
4.60696330 -6.97060000
4.65036779 -6.96820000
4.65036779 -6.96820000
4.69522478 -6.97040000
4.74008176 -6.97740000
4.78493875 -6.98880000
4.82979573 -7.00400000
4.87465272 -7.02230000
4.91950970 -7.04220000
4.96436666 -7.06290000
5.00922365 -7.08330000
5.05408063 -7.10220000
5.09893761 -7.11850000
5.14379460 -7.13100000
5.18865158 -7.13890000
5.23350857 -7.14210000

0.00000000 0.00000000
0.04165291 -0.03030000
0.08330584 -0.11790000
0.12495874 -0.25370000
0.16661165 -0.42630000
0.20826455 -0.62580000
0.24991748 -0.84480000
0.29157039 -1.07700000
0.33322329 -1.31660000
0.37487622 -1.56090000
0.41652913 -1.80790000
0.45818204 -2.05500000
0.49983494 -2.30200000
0.54148787 -2.54640000
0.58314078 -2.78780000
0.62479368 -3.02530000
0.66644661 -3.25790000
0.70809952 -3.48540000
0.74975242 -3.70490000
0.79140533 -3.91610000
0.83305826 -4.11740000
0.87471117 -4.30590000
0.91636407 -4.48060000
0.95801700 -4.63810000
0.99966991 -4.77490000
1.04132281 -4.88770000
1.08297572 -4.97210000
1.12462865 -5.02430000
1.16628155 -5.04210000
1.16628155 -5.04210000
1.21209742 -5.04020000
1.25791329 -5.03500000
1.30372915 -5.02610000
1.34954502 -5.01440000
1.39536089 -5.00090000
1.44117676 -4.98670000
1.48699261 -4.97320000
1.53280848 -4.96140000
1.57862435 -4.95230000
1.57862435 -4.95230000
1.62128050 -4.94410000
1.66393666 -4.93340000
1.70659281 -4.91520000
1.74924896 -4.88420000
1.79190510 -4.83610000
1.83456125 -4.76800000
1.87721741 -4.67840000
1.91987356 -4.56760000
1.96252971 -4.43560000
2.00518587 -4.28360000
2.04784202 -4.11310000
2.09049817 -3.92510000
2.13315433 -3.72060000
2.17581048 -3.50090000
2.21846662 -3.26590000
2.26112277 -3.01890000
2.30377892 -2.76050000
2.34643508 -2.49110000
2.38909123 -2.21440000
2.43174738 -1.93100000
2.47440353 -1.64390000
2.51705969 -1.35720000
2.55971584 -1.07490000
2.60237199 -0.80340000
2.64502813 -0.55210000
2.68768428 -0.33100000
2.73034044 -0.15510000
2.77299659 -0.04010000
2.81565274 0.00000000
2.81565274 0.00000000
2.85773730 -0.04180000
2.89982187 -0.16200000
2.94190643 -0.34720000
2.98399098 -0.58120000
3.02607555 -0.85150000
3.06816011 -1.14740000
3.11024466 -1.45810000
3.15232923 -1.77950000
3.19441379 -2.10670000
3.23649834 -2.43530000
3.27858292 -2.76390000
3.32066747 -3.08720000
3.36275202 -3.40430000
3.40483660 -3.71240000
3.44692115 -4.01000000
3.48900571 -4.29510000
3.53109028 -4.56460000
3.57317483 -4.81620000
3.61525939 -5.04660000
3.65734396 -5.25140000
3.69942852 -5.42490000
3.74151307 -5.55940000
3.78359764 -5.64580000
3.82568220 -5.67580000
3.82568220 -5.67580000
3.86908669 -5.67040000
3.91249121 -5.65420000
3.95589570 -5.62760000
3.99930022 -5.59090000
4.04270471 -5.54460000
4.08610923 -5.48950000
4.12951372 -5.42680000
4.17291824 -5.35760000
4.21632273 -5.28400000
4.25972726 -5.20810000
4.30313175 -5.13280000
4.34653627 -5.06190000
4.38994076 -4.99990000
4.43334528 -4.95050000
4.47674977 -4.91650000
4.52015429 -4.89690000
4.56355878 -4.88860000
4.60696330 -4.88640000
4.65036779 -4.88630000
4.65036779 -4.88630000
4.69522478 -4.88910000
4.74008176 -4.89750000
4.78493875 -4.91050000
4.82979573 -4.92690000
4.87465272 -4.94530000
4.91950970 -4.96440000
4.96436666 -4.98290000
5.00922365 -4.99980000
5.05408063 -5.01460000
5.09893761 -5.02650000
5.14379460 -5.03490000
5.18865158 -5.04030000
5.23350857 -5.04210000

0.00000000 0.00000000
0.04165291 -0.01000000
0.08330584 -0.03980000
0.12495874 -0.08850000
0.16661165 -0.15430000
0.20826455 -0.23570000
0.24991748 -0.33130000
0.29157039 -0.43850000
0.33322329 -0.55490000
0.37487622 -0.67830000
0.41652913 -0.80730000
0.45818204 -0.93880000
0.49983494 -1.07180000
0.54148787 -1.20420000
0.58314078 -1.33490000
0.62479368 -1.46230000
0.66644661 -1.58520000
0.70809952 -1.70370000
0.74975242 -1.81430000
0.79140533 -1.91750000
0.83305826 -2.01230000
0.87471117 -2.09780000
0.91636407 -2.17350000
0.95801700 -2.23900000
0.99966991 -2.29250000
1.04132281 -2.33500000
1.08297572 -2.36570000
1.12462865 -2.38410000
1.16628155 -2.39030000
1.16628155 -2.39030000
1.21209742 -2.41420000
1.25791329 -2.48520000
1.30372915 -2.59370000
1.34954502 -2.72980000
1.39536089 -2.88150000
1.44117676 -3.03590000
1.48699261 -3.18060000
1.53280848 -3.30410000
1.57862435 -3.39770000
1.57862435 -3.39760000
1.62128050 -3.45100000
1.66393666 -3.47000000
1.70659281 -3.45490000
1.74924896 -3.40830000
1.79190510 -3.33390000
1.83456125 -3.23550000
1.87721741 -3.11630000
1.91987356 -2.97950000
1.96252971 -2.82770000
2.00518587 -2.66320000
2.04784202 -2.48870000
2.09049817 -2.30550000
2.13315433 -2.11610000
2.17581048 -1.92260000
2.21846662 -1.72610000
2.26112277 -1.53090000
2.30377892 -1.33870000
2.34643508 -1.15110000
2.38909123 -0.97130000
2.43174738 -0.80110000
2.47440353 -0.64240000
2.51705969 -0.49830000
2.55971584 -0.36990000
2.60237199 -0.25870000
2.64502813 -0.16670000
2.68768428 -0.09410000
2.73034044 -0.04210000
2.77299659 -0.01050000
2.81565274 0.00000000
2.81565274 0.00000000
2.85773730 -0.00470000
2.89982187 -0.01880000
2.94190643 -0.04190000
2.98399098 -0.07290000
3.02607555 -0.11180000
3.06816011 -0.15720000
3.11024466 -0.20790000
3.15232923 -0.26260000
3.19441379 -0.32140000
3.23649834 -0.38150000
3.27858292 -0.44200000
3.32066747 -0.50260000
3.36275202 -0.56230000
3.40483660 -0.61870000
3.44692115 -0.67290000
3.48900571 -0.72360000
3.53109028 -0.76970000
3.57317483 -0.81080000
3.61525939 -0.84700000
3.65734396 -0.87670000
3.69942852 -0.90020000
3.74151307 -0.91760000
3.78359764 -0.92790000
3.82568220 -0.93130000
3.82568220 -0.93130000
3.86908669 -0.96040000
3.91249121 -1.04450000
3.95589570 -1.17750000
3.99930022 -1.34840000
4.04270471 -1.54720000
4.08610923 -1.76300000
4.12951372 -1.98750000
4.17291824 -2.21150000
4.21632273 -2.42900000
4.25972726 -2.63190000
4.30313175 -2.81430000
4.34653627 -2.96940000
4.38994076 -3.09100000
4.43334528 -3.17290000
4.47674977 -3.21160000
4.52015429 -3.20640000
4.56355878 -3.16220000
4.60696330 -3.08750000
4.65036779 -3.02230000
4.65036779 -3.02230000
4.69522478 -3.01280000
4.74008176 -2.98560000
4.78493875 -2.94220000
4.82979573 -2.88520000
4.87465272 -2.81840000
4.91950970 -2.74510000
4.96436666 -2.66950000
5.00922365 -2.59590000
5.05408063 -2.52850000
5.09893761 -2.47110000
5.14379460 -2.42720000
5.18865158 -2.39960000
5.23350857 -2.39030000

0.00000000 0.00000000
0.04165291 -0.01000000
0.08330584 -0.03980000
0.12495874 -0.08850000
0.16661165 -0.15430000
0.20826455 -0.23570000
0.24991748 -0.33130000
0.29157039 -0.43850000
0.33322329 -0.55490000
0.37487622 -0.67830000
0.41652913 -0.80730000
0.45818204 -0.93880000
0.49983494 -1.07180000
0.54148787 -1.20420000
0.58314078 -1.33490000
0.62479368 -1.46230000
0.66644661 -1.58520000
0.70809952 -1.70370000
0.74975242 -1.81430000
0.79140533 -1.91750000
0.83305826 -2.01230000
0.87471117 -2.09780000
0.91636407 -2.17350000
0.95801700 -2.23900000
0.99966991 -2.29250000
1.04132281 -2.33500000
1.08297572 -2.36570000
1.12462865 -2.38410000
1.16628155 -2.39030000
1.16628155 -2.39030000
1.21209742 -2.38450000
1.25791329 -2.36730000
1.30372915 -2.33820000
1.34954502 -2.29750000
1.39536089 -2.24640000
1.44117676 -2.18520000
1.48699261 -2.11440000
1.53280848 -2.03470000
1.57862435 -1.94710000
1.57862435 -1.94710000
1.62128050 -1.85880000
1.66393666 -1.76560000
1.70659281 -1.66800000
1.74924896 -1.56680000
1.79190510 -1.46300000
1.83456125 -1.35750000
1.87721741 -1.25130000
1.91987356 -1.14560000
1.96252971 -1.04100000
2.00518587 -0.93850000
2.04784202 -0.83920000
2.09049817 -0.74380000
2.13315433 -0.65300000
2.17581048 -0.56750000
2.21846662 -0.48710000
2.26112277 -0.41290000
2.30377892 -0.34580000
2.34643508 -0.28520000
2.38909123 -0.23120000
2.43174738 -0.18350000
2.47440353 -0.14180000
2.51705969 -0.10710000
2.55971584 -0.07740000
2.60237199 -0.05280000
2.64502813 -0.03370000
2.68768428 -0.01870000
2.73034044 -0.00830000
2.77299659 -0.00200000
2.81565274 0.00000000
2.81565274 0.00000000
2.85773730 -0.00470000
2.89982187 -0.01880000
2.94190643 -0.04190000
2.98399098 -0.07290000
3.02607555 -0.11180000
3.06816011 -0.15720000
3.11024466 -0.20790000
3.15232923 -0.26260000
3.19441379 -0.32140000
3.23649834 -0.38150000
3.27858292 -0.44200000
3.32066747 -0.50260000
3.36275202 -0.56230000
3.40483660 -0.61870000
3.44692115 -0.67290000
3.48900571 -0.72360000
3.53109028 -0.76970000
3.57317483 -0.81080000
3.61525939 -0.84700000
3.65734396 -0.87670000
3.69942852 -0.90020000
3.74151307 -0.91760000
3.78359764 -0.92790000
3.82568220 -0.93130000
3.82568220 -0.93130000
3.86908669 -0.93850000
3.91249121 -0.95990000
3.95589570 -0.99610000
3.99930022 -1.04660000
4.04270471 -1.11150000
4.08610923 -1.19060000
4.12951372 -1.28410000
4.17291824 -1.39030000
4.21632273 -1.50930000
4.25972726 -1.63900000
4.30313175 -1.77830000
4.34653627 -1.92530000
4.38994076 -2.07830000
4.43334528 -2.23470000
4.47674977 -2.39190000
4.52015429 -2.54670000
4.56355878 -2.69520000
4.60696330 -2.83080000
4.65036779 -2.91630000
4.65036779 -2.91630000
4.69522478 -2.90910000
4.74008176 -2.88820000
4.78493875 -2.85440000
4.82979573 -2.80960000
4.87465272 -2.75580000
4.91950970 -2.69580000
4.96436666 -2.63290000
5.00922365 -2.57050000
5.05408063 -2.51230000
5.09893761 -2.46220000
5.14379460 -2.42350000
5.18865158 -2.39850000
5.23350857 -2.39030000

0.00000000 3.37940000
0.04165291 3.41270000
0.08330584 3.50870000
0.12495874 3.65800000
0.16661165 3.84840000
0.20826455 4.06820000
0.24991748 4.30640000
0.29157039 4.55390000
0.33322329 4.80190000
0.37487622 5.04150000
0.41652913 5.26320000
0.45818204 5.45530000
0.49983494 5.60030000
0.54148787 5.66680000
0.58314078 5.61070000
0.62479368 5.48490000
0.66644661 5.34480000
0.70809952 5.20540000
0.74975242 5.07350000
0.79140533 4.94940000
0.83305826 4.83490000
0.87471117 4.73210000
0.91636407 4.64070000
0.95801700 4.55970000
0.99966991 4.49580000
1.04132281 4.44440000
1.08297572 4.40740000
1.12462865 4.38510000
1.16628155 4.37670000
1.16628155 4.37670000
1.21209742 4.40220000
1.25791329 4.47020000
1.30372915 4.56820000
1.34954502 4.68020000
1.39536089 4.79150000
1.44117676 4.90060000
1.48699261 5.00950000
1.53280848 5.12070000
1.57862435 5.23560000
1.57862435 5.23560000
1.62128050 5.34810000
1.66393666 5.46420000
1.70659281 5.58370000
1.74924896 5.70500000
1.79190510 5.82570000
1.83456125 5.94160000
1.87721741 6.04750000
1.91987356 6.13600000
1.96252971 6.19830000
2.00518587 6.22590000
2.04784202 6.21300000
2.09049817 6.16030000
2.13315433 6.07200000
2.17581048 5.95450000
2.21846662 5.81450000
2.26112277 5.65590000
2.30377892 5.48290000
2.34643508 5.29880000
2.38909123 5.10420000
2.43174738 4.90170000
2.47440353 4.69240000
2.51705969 4.47820000
2.55971584 4.26210000
2.60237199 4.04870000
2.64502813 3.84500000
2.68768428 3.66170000
2.73034044 3.51280000
2.77299659 3.41410000
2.81565274 3.37940000
2.81565274 3.37940000
2.85773730 3.41320000
2.89982187 3.50880000
2.94190643 3.65160000
2.98399098 3.82410000
3.02607555 4.00920000
3.06816011 4.19200000
3.11024466 4.36060000
3.15232923 4.50530000
3.19441379 4.61950000
3.23649834 4.70140000
3.27858292 4.75210000
3.32066747 4.77710000
3.36275202 4.78120000
3.40483660 4.77140000
3.44692115 4.75170000
3.48900571 4.72660000
3.53109028 4.69910000
3.57317483 4.67180000
3.61525939 4.64570000
3.65734396 4.62340000
3.69942852 4.60520000
3.74151307 4.59220000
3.78359764 4.58400000
3.82568220 4.58120000
3.82568220 4.58120000
3.86908669 4.61220000
3.91249121 4.70270000
3.95589570 4.84380000
3.99930022 5.02450000
4.04270471 5.23240000
4.08610923 5.45600000
4.12951372 5.68530000
4.17291824 5.91280000
4.21632273 6.13050000
4.25972726 6.32930000
4.30313175 6.49460000
4.34653627 6.60880000
4.38994076 6.67120000
4.43334528 6.70690000
4.47674977 6.73430000
4.52015429 6.76080000
4.56355878 6.78420000
4.60696330 6.80150000
4.65036779 6.80700000
4.65036779 6.80700000
4.69522478 6.73630000
4.74008176 6.54800000
4.78493875 6.29210000
4.82979573 6.00760000
4.87465272 5.71790000
4.91950970 5.43910000
4.96436666 5.17980000
5.00922365 4.94850000
5.05408063 4.75040000
5.09893761 4.59060000
5.14379460 4.47290000
5.18865158 4.40160000
5.23350857 4.37670000

0.00000000 7.70860000
0.04165291 7.68920000
0.08330584 7.63230000
0.12495874 7.54170000
0.16661165 7.42280000
0.20826455 7.28140000
0.24991748 7.12330000
0.29157039 6.95330000
0.33322329 6.77700000
0.37487622 6.59810000
0.41652913 6.41900000
0.45818204 6.24660000
0.49983494 6.08850000
0.54148787 5.97250000
0.58314078 5.93820000
0.62479368 5.93460000
0.66644661 5.91270000
0.70809952 5.86580000
0.74975242 5.80160000
0.79140533 5.72660000
0.83305826 5.64710000
0.87471117 5.56990000
0.91636407 5.49770000
0.95801700 5.43110000
0.99966991 5.37900000
1.04132281 5.33570000
1.08297572 5.30430000
1.12462865 5.28530000
1.16628155 5.27880000
1.16628155 5.27880000
1.21209742 5.30440000
1.25791329 5.37860000
1.30372915 5.51230000
1.34954502 5.71140000
1.39536089 5.97180000
1.44117676 6.28330000
1.48699261 6.62850000
1.53280848 6.98870000
1.57862435 7.33400000
1.57862435 7.33400000
1.62128050 7.62210000
1.66393666 7.85330000
1.70659281 8.01260000
1.74924896 8.09730000
1.79190510 8.11920000
1.83456125 8.09770000
1.87721741 8.05550000
1.91987356 8.01100000
1.96252971 7.98050000
2.00518587 7.97550000
2.04784202 7.99620000
2.09049817 8.00310000
2.13315433 7.89300000
2.17581048 7.75550000
2.21846662 7.63540000
2.26112277 7.53650000
2.30377892 7.45970000
2.34643508 7.40840000
2.38909123 7.37870000
2.43174738 7.37180000
2.47440353 7.38630000
2.51705969 7.41500000
2.55971584 7.45950000
2.60237199 7.51340000
2.64502813 7.56930000
2.68768428 7.62350000
2.73034044 7.66840000
2.77299659 7.69820000
2.81565274 7.70860000
2.81565274 7.70860000
2.85773730 7.70170000
2.89982187 7.68250000
2.94190643 7.65560000
2.98399098 7.62910000
3.02607555 7.60910000
3.06816011 7.60450000
3.11024466 7.62900000
3.15232923 7.68660000
3.19441379 7.78290000
3.23649834 7.91940000
3.27858292 8.09360000
3.32066747 8.29780000
3.36275202 8.39110000
3.40483660 8.39630000
3.44692115 8.38800000
3.48900571 8.36970000
3.53109028 8.34570000
3.57317483 8.31860000
3.61525939 8.28840000
3.65734396 8.26300000
3.69942852 8.24160000
3.74151307 8.22470000
3.78359764 8.21460000
3.82568220 8.21110000
3.82568220 8.21110000
3.86908669 8.17860000
3.91249121 8.08930000
3.95589570 7.96040000
3.99930022 7.80950000
4.04270471 7.65080000
4.08610923 7.49820000
4.12951372 7.35790000
4.17291824 7.23900000
4.21632273 7.14320000
4.25972726 7.08410000
4.30313175 7.07160000
4.34653627 7.12080000
4.38994076 7.22480000
4.43334528 7.35000000
4.47674977 7.46330000
4.52015429 7.54530000
4.56355878 7.59000000
4.60696330 7.60770000
4.65036779 7.61130000
4.65036779 7.61130000
4.69522478 7.53820000
4.74008176 7.34910000
4.78493875 7.09890000
4.82979573 6.82500000
4.87465272 6.54800000
4.91950970 6.28360000
4.96436666 6.03830000
5.00922365 5.81950000
5.05408063 5.63230000
5.09893761 5.48120000
5.14379460 5.37030000
5.18865158 5.30310000
5.23350857 5.27880000

0.00000000 7.70870000
0.04165291 7.72360000
0.08330584 7.76800000
0.12495874 7.84110000
0.16661165 7.94260000
0.20826455 8.07010000
0.24991748 8.21980000
0.29157039 8.39130000
0.33322329 8.58200000
0.37487622 8.79020000
0.41652913 9.01240000
0.45818204 9.25050000
0.49983494 9.49950000
0.54148787 9.76130000
0.58314078 10.03330000
0.62479368 10.17910000
0.66644661 10.30500000
0.70809952 10.48100000
0.74975242 10.69720000
0.79140533 10.93980000
0.83305826 11.19800000
0.87471117 11.46240000
0.91636407 11.72210000
0.95801700 11.96730000
0.99966991 12.19000000
1.04132281 12.37820000
1.08297572 12.52230000
1.12462865 12.61380000
1.16628155 12.64400000
1.16628155 12.64400000
1.21209742 12.59370000
1.25791329 12.45460000
1.30372915 12.25790000
1.34954502 12.02840000
1.39536089 11.78210000
1.44117676 11.53150000
1.48699261 11.28450000
1.53280848 11.04690000
1.57862435 10.81780000
1.57862435 10.81780000
1.62128050 10.61190000
1.66393666 10.40400000
1.70659281 10.18590000
1.74924896 9.95390000
1.79190510 9.71020000
1.83456125 9.45990000
1.87721741 9.20970000
1.91987356 8.96410000
1.96252971 8.72840000
2.00518587 8.50720000
2.04784202 8.30780000
2.09049817 8.17380000
2.13315433 8.20220000
2.17581048 8.29430000
2.21846662 8.39650000
2.26112277 8.48900000
2.30377892 8.44270000
2.34643508 8.33910000
2.38909123 8.23890000
2.43174738 8.14600000
2.47440353 8.06030000
2.51705969 7.98080000
2.55971584 7.91070000
2.60237199 7.85060000
2.64502813 7.79950000
2.68768428 7.76010000
2.73034044 7.73160000
2.77299659 7.71440000
2.81565274 7.70870000
2.81565274 7.70870000
2.85773730 7.71740000
2.89982187 7.74340000
2.94190643 7.78550000
2.98399098 7.84270000
3.02607555 7.91040000
3.06816011 7.98640000
3.11024466 8.06700000
3.15232923 8.14680000
3.19441379 8.21950000
3.23649834 8.28420000
3.27858292 8.33610000
3.32066747 8.37200000
3.36275202 8.39110000
3.40483660 8.39630000
3.44692115 8.38800000
3.48900571 8.36970000
3.53109028 8.34570000
3.57317483 8.31860000
3.61525939 8.28840000
3.65734396 8.26300000
3.69942852 8.24160000
3.74151307 8.22470000
3.78359764 8.21460000
3.82568220 8.21110000
3.82568220 8.21110000
3.86908669 8.22880000
3.91249121 8.28380000
3.95589570 8.37190000
3.99930022 8.49500000
4.04270471 8.65070000
4.08610923 8.83150000
4.12951372 9.02140000
4.17291824 9.19240000
4.21632273 9.29130000
4.25972726 9.29070000
4.30313175 9.21870000
4.34653627 9.11700000
4.38994076 9.01490000
4.43334528 8.93540000
4.47674977 8.89900000
4.52015429 8.92300000
4.56355878 9.01190000
4.60696330 9.15550000
4.65036779 9.28260000
4.65036779 9.28260000
4.69522478 9.37050000
4.74008176 9.60810000
4.78493875 9.94610000
4.82979573 10.34550000
4.87465272 10.69960000
4.91950970 11.04310000
4.96436666 11.37900000
5.00922365 11.69850000
5.05408063 11.99240000
5.09893761 12.24970000
5.14379460 12.45720000
5.18865158 12.59540000
5.23350857 12.64400000

0.00000000 7.70870000
0.04165291 7.72360000
0.08330584 7.76800000
0.12495874 7.84110000
0.16661165 7.94260000
0.20826455 8.07010000
0.24991748 8.21980000
0.29157039 8.39130000
0.33322329 8.58200000
0.37487622 8.79020000
0.41652913 9.01240000
0.45818204 9.25050000
0.49983494 9.49950000
0.54148787 9.76130000
0.58314078 10.03330000
0.62479368 10.31430000
0.66644661 10.60340000
0.70809952 10.89850000
0.74975242 11.20380000
0.79140533 11.51160000
0.83305826 11.82320000
0.87471117 12.13750000
0.91636407 12.45070000
0.95801700 12.75930000
0.99966991 13.05940000
1.04132281 13.33530000
1.08297572 13.57050000
1.12462865 13.73720000
1.16628155 13.79780000
1.16628155 13.79780000
1.21209742 13.71600000
1.25791329 13.50210000
1.30372915 13.22090000
1.34954502 12.90920000
1.39536089 12.58630000
1.44117676 12.26300000
1.48699261 11.94540000
1.53280848 11.63780000
1.57862435 11.34040000
1.57862435 11.34040000
1.62128050 11.07760000
1.66393666 10.82570000
1.70659281 10.58700000
1.74924896 10.36200000
1.79190510 10.15070000
1.83456125 9.95280000
1.87721741 9.76870000
1.91987356 9.59650000
1.96252971 9.43720000
2.00518587 9.29010000
2.04784202 9.15100000
2.09049817 9.01980000
2.13315433 8.89500000
2.17581048 8.77530000
2.21846662 8.66050000
2.26112277 8.55070000
2.30377892 8.55700000
2.34643508 8.59110000
2.38909123 8.58310000
2.43174738 8.53130000
2.47440353 8.44220000
2.51705969 8.32510000
2.55971584 8.19550000
2.60237199 8.06650000
2.64502813 7.94620000
2.68768428 7.84640000
2.73034044 7.77050000
2.77299659 7.72430000
2.81565274 7.70870000
2.81565274 7.70870000
2.85773730 7.71740000
2.89982187 7.74340000
2.94190643 7.78550000
2.98399098 7.84270000
3.02607555 7.91040000
3.06816011 7.98640000
3.11024466 8.06700000
3.15232923 8.14680000
3.19441379 8.21950000
3.23649834 8.28420000
3.27858292 8.33610000
3.32066747 8.37200000
3.36275202 8.52440000
3.40483660 8.76490000
3.44692115 9.01000000
3.48900571 9.25070000
3.53109028 9.47860000
3.57317483 9.68560000
3.61525939 9.86460000
3.65734396 10.01230000
3.69942852 10.12590000
3.74151307 10.20690000
3.78359764 10.25360000
3.82568220 10.26900000
3.82568220 10.26900000
3.86908669 10.28570000
3.91249121 10.32690000
3.95589570 10.37100000
3.99930022 10.39740000
4.04270471 10.39370000
4.08610923 10.36230000
4.12951372 10.31960000
4.17291824 10.30430000
4.21632273 10.36660000
4.25972726 10.52690000
4.30313175 10.72490000
4.34653627 10.84520000
4.38994076 10.79450000
4.43334528 10.61100000
4.47674977 10.36960000
4.52015429 10.11080000
4.56355878 9.85330000
4.60696330 9.61270000
4.65036779 9.45280000
4.65036779 9.45280000
4.69522478 9.53510000
4.74008176 9.74670000
4.78493875 10.03420000
4.82979573 10.35890000
4.87465272 10.78230000
4.91950970 11.24050000
4.96436666 11.70860000
5.00922365 12.17670000
5.05408063 12.63240000
5.09893761 13.05850000
5.14379460 13.42860000
5.18865158 13.69710000
5.23350857 13.79780000

0.00000000 13.27830000
0.04165291 13.21170000
0.08330584 13.02610000
0.12495874 12.75580000
0.16661165 12.43570000
0.20826455 12.09710000
0.24991748 11.74720000
0.29157039 11.40290000
0.33322329 11.08250000
0.37487622 10.79230000
0.41652913 10.54150000
0.45818204 10.34060000
0.49983494 10.19480000
0.54148787 10.11970000
0.58314078 10.11500000
0.62479368 10.31430000
0.66644661 10.60340000
0.70809952 10.89850000
0.74975242 11.20380000
0.79140533 11.51160000
0.83305826 11.82320000
0.87471117 12.13750000
0.91636407 12.45070000
0.95801700 12.75930000
0.99966991 13.05940000
1.04132281 13.33530000
1.08297572 13.57050000
1.12462865 13.73720000
1.16628155 13.79780000
1.16628155 13.79780000
1.21209742 13.79020000
1.25791329 13.75000000
1.30372915 13.65470000
1.34954502 13.49300000
1.39536089 13.27510000
1.44117676 13.02250000
1.48699261 12.75780000
1.53280848 12.50450000
1.57862435 12.28750000
1.57862435 12.28750000
1.62128050 12.15010000
1.66393666 12.10530000
1.70659281 12.17940000
1.74924896 12.38000000
1.79190510 12.69490000
1.83456125 12.50840000
1.87721741 12.28190000
1.91987356 12.07120000
1.96252971 11.87980000
2.00518587 11.71460000
2.04784202 11.56920000
2.09049817 11.45090000
2.13315433 11.36240000
2.17581048 11.30550000
2.21846662 11.28360000
2.26112277 11.29560000
2.30377892 11.33990000
2.34643508 11.41930000
2.38909123 11.52840000
2.43174738 11.66740000
2.47440353 11.83400000
2.51705969 12.01650000
2.55971584 12.22880000
2.60237199 12.44940000
2.64502813 12.67690000
2.68768428 12.89750000
2.73034044 13.09060000
2.77299659 13.22770000
2.81565274 13.27830000
2.81565274 13.27830000
2.85773730 13.24680000
2.89982187 13.15970000
2.94190643 13.03440000
2.98399098 12.89040000
3.02607555 12.74250000
3.06816011 12.60140000
3.11024466 12.48340000
3.15232923 12.39480000
3.19441379 12.33110000
3.23649834 12.30910000
3.27858292 12.33130000
3.32066747 12.39690000
3.36275202 12.50570000
3.40483660 12.66100000
3.44692115 12.85530000
3.48900571 13.07960000
3.53109028 13.24140000
3.57317483 13.26540000
3.61525939 13.32120000
3.65734396 13.40300000
3.69942852 13.49940000
3.74151307 13.59320000
3.78359764 13.66180000
3.82568220 13.68720000
3.82568220 13.68720000
3.86908669 13.68990000
3.91249121 13.70080000
3.95589570 13.72350000
3.99930022 13.74950000
4.04270471 13.73220000
4.08610923 13.60270000
4.12951372 13.36620000
4.17291824 13.07940000
4.21632273 12.78240000
4.25972726 12.50740000
4.30313175 12.29910000
4.34653627 12.23980000
4.38994076 12.39580000
4.43334528 12.71530000
4.47674977 13.10800000
4.52015429 13.51720000
4.56355878 13.89080000
4.60696330 14.16840000
4.65036779 14.27390000
4.65036779 14.27390000
4.69522478 14.26980000
4.74008176 14.25500000
4.78493875 14.23120000
4.82979573 14.19990000
4.87465272 14.16090000
4.91950970 14.11740000
4.96436666 14.06950000
5.00922365 14.01780000
5.05408063 13.96300000
5.09893761 13.90680000
5.14379460 13.85410000
5.18865158 13.81370000
5.23350857 13.79780000

0.00000000 13.27830000
0.04165291 13.28280000
0.08330584 13.29630000
0.12495874 13.31890000
0.16661165 13.35040000
0.20826455 13.39120000
0.24991748 13.44030000
0.29157039 13.49970000
0.33322329 13.56550000
0.37487622 13.63930000
0.41652913 13.71040000
0.45818204 13.79910000
0.49983494 13.89450000
0.54148787 13.99670000
0.58314078 14.10470000
0.62479368 14.21780000
0.66644661 14.33490000
0.70809952 14.45360000
0.74975242 14.57520000
0.79140533 14.69680000
0.83305826 14.81640000
0.87471117 14.93200000
0.91636407 15.04090000
0.95801700 15.13680000
0.99966991 15.23920000
1.04132281 15.31080000
1.08297572 15.36420000
1.12462865 15.39740000
1.16628155 15.40850000
1.16628155 15.40850000
1.21209742 15.43830000
1.25791329 15.45450000
1.30372915 15.40600000
1.34954502 15.27840000
1.39536089 15.09080000
1.44117676 14.86400000
1.48699261 14.61040000
1.53280848 14.33950000
1.57862435 14.05640000
1.57862435 14.05640000
1.62128050 13.79300000
1.66393666 13.52510000
1.70659281 13.25990000
1.74924896 13.00030000
1.79190510 12.74930000
1.83456125 13.09950000
1.87721741 13.57040000
1.91987356 14.08170000
1.96252971 14.61380000
2.00518587 15.13020000
2.04784202 15.48700000
2.09049817 15.20200000
2.13315433 14.75530000
2.17581048 14.31930000
2.21846662 13.91720000
2.26112277 13.55860000
2.30377892 13.25570000
2.34643508 13.02370000
2.38909123 12.86330000
2.43174738 12.77790000
2.47440353 12.76350000
2.51705969 12.79900000
2.55971584 12.87310000
2.60237199 12.96790000
2.64502813 13.06450000
2.68768428 13.15270000
2.73034044 13.22120000
2.77299659 13.26400000
2.81565274 13.27830000
2.81565274 13.27830000
2.85773730 13.24680000
2.89982187 13.15970000
2.94190643 13.03440000
2.98399098 12.89040000
3.02607555 12.74250000
3.06816011 12.60140000
3.11024466 12.48340000
3.15232923 12.39480000
3.19441379 12.33110000
3.23649834 12.30910000
3.27858292 12.33130000
3.32066747 12.39690000
3.36275202 12.50570000
3.40483660 12.66100000
3.44692115 12.85530000
3.48900571 13.07960000
3.53109028 13.33930000
3.57317483 13.62340000
3.61525939 13.92400000
3.65734396 14.23360000
3.69942852 14.53730000
3.74151307 14.81260000
3.78359764 15.01600000
3.82568220 15.09400000
3.82568220 15.09400000
3.86908669 15.07020000
3.91249121 14.99670000
3.95589570 14.87100000
3.99930022 14.71530000
4.04270471 14.59120000
4.08610923 14.58220000
4.12951372 14.68010000
4.17291824 14.82140000
4.21632273 14.96370000
4.25972726 15.09600000
4.30313175 15.21630000
4.34653627 15.32700000
4.38994076 15.42600000
4.43334528 15.51730000
4.47674977 15.59420000
4.52015429 15.65710000
4.56355878 15.69980000
4.60696330 15.72170000
4.65036779 15.72230000
4.65036779 15.72230000
4.69522478 15.72490000
4.74008176 15.72130000
4.78493875 15.71550000
4.82979573 15.70910000
4.87465272 15.69790000
4.91950970 15.68410000
4.96436666 15.66590000
5.00922365 15.64210000
5.05408063 15.60900000
5.09893761 15.56230000
5.14379460 15.50070000
5.18865158 15.44060000
5.23350857 15.40850000

0.00000000 13.45650000
0.04165291 13.48760000
0.08330584 13.58160000
0.12495874 13.73480000
0.16661165 13.94140000
0.20826455 14.19530000
0.24991748 14.48960000
0.29157039 14.81880000
0.33322329 15.17720000
0.37487622 15.55970000
0.41652913 15.96090000
0.45818204 16.37400000
0.49983494 16.78940000
0.54148787 17.19160000
0.58314078 17.55850000
0.62479368 17.87640000
0.66644661 18.15420000
0.70809952 18.40760000
0.74975242 18.64380000
0.79140533 18.85820000
0.83305826 18.57040000
0.87471117 18.19640000
0.91636407 17.81100000
0.95801700 17.43260000
0.99966991 17.07680000
1.04132281 16.75250000
1.08297572 16.48200000
1.12462865 16.29610000
1.16628155 16.22650000
1.16628155 16.22650000
1.21209742 16.23060000
1.25791329 16.25020000
1.30372915 16.32100000
1.34954502 16.45500000
1.39536089 16.64160000
1.44117676 16.87000000
1.48699261 17.12600000
1.53280848 17.40130000
1.57862435 17.67450000
1.57862435 17.67450000
1.62128050 17.92480000
1.66393666 18.14400000
1.70659281 18.28690000
1.74924896 18.27110000
1.79190510 18.11200000
1.83456125 17.88850000
1.87721741 17.61050000
1.91987356 17.21960000
1.96252971 16.75580000
2.00518587 16.28050000
2.04784202 15.91620000
2.09049817 16.09070000
2.13315433 16.26210000
2.17581048 16.27480000
2.21846662 16.18450000
2.26112277 16.03630000
2.30377892 15.85610000
2.34643508 15.65730000
2.38909123 15.44140000
2.43174738 15.20910000
2.47440353 14.96050000
2.51705969 14.69850000
2.55971584 14.43260000
2.60237199 14.17460000
2.64502813 13.93820000
2.68768428 13.73740000
2.73034044 13.58430000
2.77299659 13.48870000
2.81565274 13.45650000
2.81565274 13.45650000
2.85773730 13.48770000
2.89982187 13.57890000
2.94190643 13.72210000
2.98399098 13.90150000
3.02607555 14.08560000
3.06816011 14.21640000
3.11024466 14.23280000
3.15232923 14.14650000
3.19441379 14.01060000
3.23649834 13.86020000
3.27858292 13.71220000
3.32066747 13.57640000
3.36275202 13.45770000
3.40483660 13.36230000
3.44692115 13.29190000
3.48900571 13.25060000
3.53109028 13.33930000
3.57317483 13.62350000
3.61525939 13.92400000
3.65734396 14.23360000
3.69942852 14.53730000
3.74151307 14.81260000
3.78359764 15.01600000
3.82568220 15.09400000
3.82568220 15.09400000
3.86908669 15.10380000
3.91249121 15.13470000
3.95589570 15.18300000
3.99930022 15.25230000
4.04270471 15.34570000
4.08610923 15.46820000
4.12951372 15.62210000
4.17291824 15.79690000
4.21632273 15.95530000
4.25972726 16.06790000
4.30313175 16.14050000
4.34653627 16.19460000
4.38994076 16.23180000
4.43334528 16.26330000
4.47674977 16.29210000
4.52015429 16.32610000
4.56355878 16.37460000
4.60696330 16.44850000
4.65036779 16.50090000
4.65036779 16.50090000
4.69522478 16.50280000
4.74008176 16.50580000
4.78493875 16.50860000
4.82979573 16.50530000
4.87465272 16.49520000
4.91950970 16.47740000
4.96436666 16.44760000
5.00922365 16.40790000
5.05408063 16.36050000
5.09893761 16.31090000
5.14379460 16.26600000
5.18865158 16.23810000
5.23350857 16.22650000

0.00000000 16.00580000
0.04165291 16.01870000
0.08330584 16.05720000
0.12495874 16.12130000
0.16661165 16.21230000
0.20826455 16.32890000
0.24991748 16.46900000
0.29157039 16.63500000
0.33322329 16.82420000
0.37487622 17.03710000
0.41652913 17.27250000
0.45818204 17.46260000
0.49983494 17.67100000
0.54148787 17.92080000
0.58314078 18.22570000
0.62479368 18.59300000
0.66644661 18.98070000
0.70809952 19.15680000
0.74975242 19.13700000
0.79140533 18.90810000
0.83305826 18.57040000
0.87471117 18.19640000
0.91636407 17.81100000
0.95801700 17.43260000
0.99966991 17.07680000
1.04132281 16.75250000
1.08297572 16.48200000
1.12462865 16.29610000
1.16628155 16.22650000
1.16628155 16.22650000
1.21209742 16.26070000
1.25791329 16.38320000
1.30372915 16.62350000
1.34954502 16.95130000
1.39536089 17.32730000
1.44117676 17.73080000
1.48699261 18.14990000
1.53280848 18.58340000
1.57862435 19.01390000
1.57862435 19.01390000
1.62128050 19.36180000
1.66393666 19.14330000
1.70659281 18.97890000
1.74924896 18.92280000
1.79190510 18.72990000
1.83456125 18.31550000
1.87721741 17.91010000
1.91987356 17.59310000
1.96252971 17.35150000
2.00518587 17.13870000
2.04784202 16.93790000
2.09049817 16.75370000
2.13315433 16.58180000
2.17581048 16.42120000
2.21846662 16.27280000
2.26112277 16.14180000
2.30377892 16.02760000
2.34643508 15.92930000
2.38909123 15.84630000
2.43174738 15.78230000
2.47440353 15.74010000
2.51705969 15.71650000
2.55971584 15.71790000
2.60237199 15.74490000
2.64502813 15.79360000
2.68768428 15.85990000
2.73034044 15.92990000
2.77299659 15.98480000
2.81565274 16.00580000
2.81565274 16.00580000
2.85773730 15.96640000
2.89982187 15.85910000
2.94190643 15.71050000
2.98399098 15.55490000
3.02607555 15.43230000
3.06816011 15.40760000
3.11024466 15.54340000
3.15232923 15.82680000
3.19441379 16.20320000
3.23649834 16.63530000
3.27858292 17.10280000
3.32066747 17.58890000
3.36275202 18.07680000
3.40483660 18.54130000
3.44692115 18.91810000
3.48900571 19.09020000
3.53109028 18.98670000
3.57317483 18.70780000
3.61525939 18.36770000
3.65734396 18.02920000
3.69942852 17.72480000
3.74151307 17.48390000
3.78359764 17.32460000
3.82568220 17.26890000
3.82568220 17.26890000
3.86908669 17.02600000
3.91249121 16.76470000
3.95589570 16.56790000
3.99930022 16.44390000
4.04270471 16.38270000
4.08610923 16.37110000
4.12951372 16.40350000
4.17291824 16.49590000
4.21632273 16.67740000
4.25972726 16.96660000
4.30313175 17.33460000
4.34653627 17.73720000
4.38994076 18.11620000
4.43334528 18.35500000
4.47674977 18.25580000
4.52015429 17.91470000
4.56355878 17.52320000
4.60696330 17.18710000
4.65036779 17.03020000
4.65036779 17.03020000
4.69522478 17.02020000
4.74008176 16.99090000
4.78493875 16.94480000
4.82979573 16.88550000
4.87465272 16.81540000
4.91950970 16.73800000
4.96436666 16.65090000
5.00922365 16.56320000
5.05408063 16.47250000
5.09893761 16.38250000
5.14379460 16.30280000
5.18865158 16.24700000
5.23350857 16.22650000

0.00000000 16.00580000
0.04165291 16.01870000
0.08330584 16.05720000
0.12495874 16.12130000
0.16661165 16.21240000
0.20826455 16.32890000
0.24991748 16.46900000
0.29157039 16.63500000
0.33322329 16.82420000
0.37487622 17.03710000
0.41652913 17.27250000
0.45818204 17.53000000
0.49983494 17.80540000
0.54148787 18.09890000
0.58314078 18.40320000
0.62479368 18.70640000
0.66644661 18.98070000
0.70809952 19.15680000
0.74975242 19.13700000
0.79140533 18.90810000
0.83305826 19.03520000
0.87471117 19.15070000
0.91636407 19.17750000
0.95801700 19.11730000
0.99966991 19.00620000
1.04132281 18.87950000
1.08297572 18.76860000
1.12462865 18.69400000
1.16628155 18.66680000
1.16628155 18.66680000
1.21209742 18.72800000
1.25791329 18.89340000
1.30372915 19.13450000
1.34954502 19.41640000
1.39536089 19.69340000
1.44117676 19.91190000
1.48699261 19.96940000
1.53280848 19.82500000
1.57862435 19.59140000
1.57862435 19.59140000
1.62128050 19.42190000
1.66393666 19.82190000
1.70659281 19.55280000
1.74924896 19.18470000
1.79190510 18.99130000
1.83456125 18.93860000
1.87721741 18.80210000
1.91987356 18.61080000
1.96252971 18.41180000
2.00518587 18.24200000
2.04784202 18.14420000
2.09049817 18.18590000
2.13315433 18.43110000
2.17581048 18.85660000
2.21846662 19.30410000
2.26112277 19.23130000
2.30377892 18.77480000
2.34643508 18.29500000
2.38909123 17.84450000
2.43174738 17.44030000
2.47440353 17.09090000
2.51705969 16.79880000
2.55971584 16.56320000
2.60237199 16.37800000
2.64502813 16.23600000
2.68768428 16.13250000
2.73034044 16.06050000
2.77299659 16.01930000
2.81565274 16.00580000
2.81565274 16.00580000
2.85773730 16.05670000
2.89982187 16.20220000
2.94190643 16.42560000
2.98399098 16.71040000
3.02607555 17.03980000
3.06816011 17.40410000
3.11024466 17.80100000
3.15232923 18.22230000
3.19441379 18.65720000
3.23649834 19.10950000
3.27858292 19.57630000
3.32066747 20.04630000
3.36275202 20.50140000
3.40483660 20.88040000
3.44692115 20.89400000
3.48900571 20.49940000
3.53109028 20.01310000
3.57317483 19.51690000
3.61525939 19.03240000
3.65734396 18.57380000
3.69942852 18.15480000
3.74151307 17.79800000
3.78359764 17.54550000
3.82568220 17.45130000
3.82568220 17.45130000
3.86908669 17.48230000
3.91249121 17.57500000
3.95589570 17.72330000
3.99930022 17.92260000
4.04270471 18.16430000
4.08610923 18.43990000
4.12951372 18.74240000
4.17291824 19.06170000
4.21632273 19.39030000
4.25972726 19.72320000
4.30313175 20.05440000
4.34653627 19.89790000
4.38994076 19.61850000
4.43334528 19.39350000
4.47674977 19.41430000
4.52015429 19.59130000
4.56355878 19.74010000
4.60696330 19.82530000
4.65036779 19.84560000
4.65036779 19.84560000
4.69522478 19.86540000
4.74008176 19.92230000
4.78493875 20.01240000
4.82979573 20.13290000
4.87465272 20.26230000
4.91950970 20.36170000
4.96436666 20.23480000
5.00922365 19.87710000
5.05408063 19.49880000
5.09893761 19.16120000
5.14379460 18.89500000
5.18865158 18.72620000
5.23350857 18.66680000

0.00000000 16.00580000
0.04165291 16.04020000
0.08330584 16.13070000
0.12495874 16.25190000
0.16661165 16.38470000
0.20826455 16.52500000
0.24991748 16.66190000
0.29157039 16.80060000
0.33322329 16.94750000
0.37487622 17.10440000
0.41652913 17.27450000
0.45818204 17.53000000
0.49983494 17.80540000
0.54148787 18.09890000
0.58314078 18.40320000
0.62479368 18.70640000
0.66644661 19.00410000
0.70809952 19.42680000
0.74975242 19.82740000
0.79140533 20.16240000
0.83305826 20.39240000
0.87471117 20.53620000
0.91636407 20.65220000
0.95801700 20.78990000
0.99966991 20.97170000
1.04132281 21.15150000
1.08297572 21.30940000
1.12462865 21.42270000
1.16628155 21.45050000
1.16628155 21.45050000
1.21209742 21.42300000
1.25791329 21.32560000
1.30372915 21.18540000
1.34954502 21.01830000
1.39536089 20.81560000
1.44117676 20.62160000
1.48699261 20.50720000
1.53280848 20.47590000
1.57862435 20.37850000
1.57862435 20.37850000
1.62128050 20.17900000
1.66393666 19.89340000
1.70659281 20.21870000
1.74924896 20.61080000
1.79190510 20.54410000
1.83456125 20.49930000
1.87721741 20.59600000
1.91987356 20.78440000
1.96252971 21.02190000
2.00518587 21.27420000
2.04784202 21.47900000
2.09049817 21.48190000
2.13315433 21.12340000
2.17581048 20.61450000
2.21846662 20.18510000
2.26112277 20.35520000
2.30377892 20.97310000
2.34643508 20.44710000
2.38909123 19.88600000
2.43174738 19.34130000
2.47440353 18.81350000
2.51705969 18.30130000
2.55971584 17.81800000
2.60237199 17.35870000
2.64502813 16.94070000
2.68768428 16.57400000
2.73034044 16.27660000
2.77299659 16.07710000
2.81565274 16.00580000
2.81565274 16.00580000
2.85773730 16.05670000
2.89982187 16.20220000
2.94190643 16.42560000
2.98399098 16.71040000
3.02607555 17.03980000
3.06816011 17.40410000
3.11024466 17.80110000
3.15232923 18.22230000
3.19441379 18.65720000
3.23649834 19.10950000
3.27858292 19.57630000
3.32066747 20.04630000
3.36275202 20.50140000
3.40483660 20.88040000
3.44692115 20.89400000
3.48900571 20.49940000
3.53109028 20.01310000
3.57317483 19.51690000
3.61525939 19.03240000
3.65734396 18.57380000
3.69942852 18.15480000
3.74151307 17.79800000
3.78359764 17.54550000
3.82568220 17.45130000
3.82568220 17.45130000
3.86908669 17.72950000
3.91249121 18.10140000
3.95589570 18.48310000
3.99930022 18.86140000
4.04270471 19.22310000
4.08610923 19.55590000
4.12951372 19.83970000
4.17291824 20.06230000
4.21632273 20.19250000
4.25972726 20.21370000
4.30313175 20.11080000
4.34653627 20.37570000
4.38994076 20.67550000
4.43334528 20.95950000
4.47674977 21.24220000
4.52015429 21.55830000
4.56355878 21.91930000
4.60696330 22.28680000
4.65036779 22.49470000
4.65036779 22.49470000
4.69522478 22.43540000
4.74008176 22.26270000
4.78493875 21.99600000
4.82979573 21.66010000
4.87465272 21.28360000
4.91950970 20.92570000
4.96436666 20.79420000
5.00922365 20.90650000
5.05408063 21.06340000
5.09893761 21.21500000
5.14379460 21.33950000
5.18865158 21.42450000
5.23350857 21.45050000

0.00000000 18.94570000
0.04165291 19.00680000
0.08330584 19.18710000
0.12495874 19.47770000
0.16661165 19.86490000
0.20826455 20.33360000
0.24991748 20.86580000
0.29157039 21.44890000
0.33322329 22.07210000
0.37487622 22.72610000
0.41652913 23.40170000
0.45818204 23.42960000
0.49983494 22.90440000
0.54148787 22.40410000
0.58314078 21.92450000
0.62479368 21.47750000
0.66644661 21.09110000
0.70809952 20.82720000
0.74975242 20.80030000
0.79140533 21.01340000
0.83305826 21.36810000
0.87471117 21.79710000
0.91636407 22.26860000
0.95801700 22.52200000
0.99966991 22.33810000
1.04132281 22.18170000
1.08297572 22.06760000
1.12462865 21.99810000
1.16628155 21.97460000
1.16628155 21.97460000
1.21209742 21.98710000
1.25791329 22.00950000
1.30372915 22.06480000
1.34954502 22.13990000
1.39536089 22.23020000
1.44117676 22.33500000
1.48699261 22.39050000
1.53280848 22.03380000
1.57862435 21.72580000
1.57862435 21.72580000
1.62128050 21.47240000
1.66393666 21.21700000
1.70659281 20.95580000
1.74924896 20.71400000
1.79190510 20.99680000
1.83456125 21.37510000
1.87721741 21.74480000
1.91987356 22.09910000
1.96252971 22.43990000
2.00518587 22.75770000
2.04784202 22.93580000
2.09049817 22.59020000
2.13315433 22.63810000
2.17581048 22.63310000
2.21846662 22.13130000
2.26112277 21.57920000
2.30377892 21.01170000
2.34643508 21.68670000
2.38909123 22.41040000
2.43174738 22.23580000
2.47440353 21.70770000
2.51705969 21.19060000
2.55971584 20.69870000
2.60237199 20.24080000
2.64502813 19.82670000
2.68768428 19.47090000
2.73034044 19.19110000
2.77299659 19.00920000
2.81565274 18.94570000
2.81565274 18.94570000
2.85773730 19.00730000
2.89982187 19.18250000
2.94190643 19.44890000
2.98399098 19.78400000
3.02607555 20.16980000
3.06816011 20.59430000
3.11024466 21.04760000
3.15232923 21.52050000
3.19441379 21.99610000
3.23649834 22.42330000
3.27858292 22.58610000
3.32066747 22.30760000
3.36275202 21.87490000
3.40483660 21.46740000
3.44692115 21.15960000
3.48900571 21.08120000
3.53109028 21.30770000
3.57317483 21.74090000
3.61525939 22.26690000
3.65734396 22.82820000
3.69942852 23.38830000
3.74151307 23.91460000
3.78359764 24.31930000
3.82568220 24.48320000
3.82568220 24.48320000
3.86908669 24.45880000
3.91249121 24.38450000
3.95589570 24.25650000
3.99930022 24.08000000
4.04270471 23.86440000
4.08610923 23.62740000
4.12951372 23.38000000
4.17291824 23.13950000
4.21632273 22.91160000
4.25972726 22.71250000
4.30313175 22.55060000
4.34653627 22.43910000
4.38994076 22.38730000
4.43334528 22.41000000
4.47674977 22.50950000
4.52015429 22.66260000
4.56355878 22.81490000
4.60696330 22.87090000
4.65036779 22.82170000
4.65036779 22.82170000
4.69522478 22.81300000
4.74008176 22.78170000
4.78493875 22.72950000
4.82979573 22.65540000
4.87465272 22.56080000
4.91950970 22.45620000
4.96436666 22.34470000
5.00922365 22.23930000
5.05408063 22.14610000
5.09893761 22.07040000
5.14379460 22.01480000
5.18865158 21.98660000
5.23350857 21.97460000

0.00000000 28.61670000
0.04165291 28.47540000
0.08330584 28.12660000
0.12495874 27.67430000
0.16661165 27.17980000
0.20826455 26.66140000
0.24991748 26.12300000
0.29157039 25.57790000
0.33322329 25.03460000
0.37487622 24.49460000
0.41652913 23.95520000
0.45818204 23.42960000
0.49983494 22.90440000
0.54148787 22.40410000
0.58314078 21.92450000
0.62479368 21.47750000
0.66644661 21.09110000
0.70809952 20.82720000
0.74975242 20.80030000
0.79140533 21.01340000
0.83305826 21.36810000
0.87471117 21.79710000
0.91636407 22.26860000
0.95801700 22.77060000
0.99966991 23.29700000
1.04132281 23.84000000
1.08297572 24.39140000
1.12462865 24.92160000
1.16628155 25.23090000
1.16628155 25.23090000
1.21209742 25.03680000
1.25791329 24.62280000
1.30372915 24.15760000
1.34954502 23.68870000
1.39536089 23.23000000
1.44117676 22.79360000
1.48699261 22.45310000
1.53280848 22.58750000
1.57862435 22.72960000
1.57862435 22.72960000
1.62128050 22.87530000
1.66393666 23.03010000
1.70659281 23.19590000
1.74924896 23.37270000
1.79190510 23.56070000
1.83456125 23.75960000
1.87721741 23.96990000
1.91987356 24.18890000
1.96252971 24.16630000
2.00518587 23.51450000
2.04784202 23.01290000
2.09049817 23.13820000
2.13315433 23.01280000
2.17581048 22.87910000
2.21846662 23.17580000
2.26112277 23.43500000
2.30377892 23.52160000
2.34643508 23.25360000
2.38909123 22.78590000
2.43174738 23.18220000
2.47440353 23.93750000
2.51705969 24.69360000
2.55971584 25.44370000
2.60237199 26.17990000
2.64502813 26.87500000
2.68768428 27.51920000
2.73034044 28.06440000
2.77299659 28.46460000
2.81565274 28.61670000
2.81565274 28.61670000
2.85773730 28.45960000
2.89982187 28.08100000
2.94190643 27.59940000
2.98399098 27.07620000
3.02607555 26.52370000
3.06816011 25.95060000
3.11024466 25.38800000
3.15232923 24.83140000
3.19441379 24.29940000
3.23649834 23.84600000
3.27858292 23.59250000
3.32066747 23.02000000
3.36275202 22.47480000
3.40483660 22.03860000
3.44692115 21.98620000
3.48900571 22.35560000
3.53109028 22.84830000
3.57317483 23.37390000
3.61525939 23.90810000
3.65734396 24.44370000
3.69942852 24.96390000
3.74151307 25.44350000
3.78359764 25.81970000
3.82568220 25.97440000
3.82568220 25.97440000
3.86908669 25.93830000
3.91249121 25.82970000
3.95589570 25.64970000
3.99930022 25.41910000
4.04270471 25.15200000
4.08610923 24.85750000
4.12951372 24.54850000
4.17291824 24.24930000
4.21632273 23.97440000
4.25972726 23.74760000
4.30313175 23.58320000
4.34653627 23.48260000
4.38994076 23.42570000
4.43334528 23.39470000
4.47674977 23.37380000
4.52015429 23.35910000
4.56355878 23.36320000
4.60696330 23.44630000
4.65036779 23.60760000
4.65036779 23.60760000
4.69522478 23.62410000
4.74008176 23.67050000
4.78493875 23.74620000
4.82979573 23.84960000
4.87465272 23.89070000
4.91950970 23.94150000
4.96436666 24.02760000
5.00922365 24.16000000
5.05408063 24.34120000
5.09893761 24.56800000
5.14379460 24.82960000
5.18865158 25.09440000
5.23350857 25.23090000

0.00000000 28.61670000
0.04165291 28.47540000
0.08330584 28.12660000
0.12495874 27.67430000
0.16661165 27.17980000
0.20826455 26.66140000
0.24991748 26.12300000
0.29157039 25.57790000
0.33322329 25.03460000
0.37487622 24.49460000
0.41652913 23.95520000
0.45818204 24.08210000
0.49983494 24.64770000
0.54148787 24.51030000
0.58314078 24.11100000
0.62479368 23.70700000
0.66644661 23.32840000
0.70809952 22.99500000
0.74975242 22.73910000
0.79140533 22.60210000
0.83305826 22.63800000
0.87471117 22.86410000
0.91636407 22.75450000
0.95801700 22.77060000
0.99966991 23.29700000
1.04132281 23.84000000
1.08297572 24.39140000
1.12462865 24.92160000
1.16628155 25.23090000
1.16628155 25.23090000
1.21209742 25.25960000
1.25791329 25.27500000
1.30372915 25.22220000
1.34954502 25.17360000
1.39536089 25.12480000
1.44117676 25.08320000
1.48699261 25.06000000
1.53280848 25.07420000
1.57862435 25.13590000
1.57862435 25.13590000
1.62128050 25.26560000
1.66393666 25.45800000
1.70659281 25.69570000
1.74924896 25.94760000
1.79190510 26.15830000
1.83456125 26.07620000
1.87721741 25.51450000
1.91987356 24.84210000
1.96252971 24.42040000
2.00518587 24.66550000
2.04784202 24.89670000
2.09049817 24.88580000
2.13315433 24.75860000
2.17581048 24.86370000
2.21846662 25.10460000
2.26112277 25.01040000
2.30377892 24.68160000
2.34643508 24.73360000
2.38909123 25.01390000
2.43174738 25.37200000
2.47440353 25.76720000
2.51705969 26.16800000
2.55971584 26.58220000
2.60237199 27.00380000
2.64502813 27.41510000
2.68768428 27.82160000
2.73034044 28.19670000
2.77299659 28.49350000
2.81565274 28.61670000
2.81565274 28.61670000
2.85773730 28.54320000
2.89982187 28.32870000
2.94190643 27.99150000
2.98399098 27.56820000
3.02607555 27.06780000
3.06816011 26.52330000
3.11024466 25.95460000
3.15232923 25.37050000
3.19441379 24.77220000
3.23649834 24.17960000
3.27858292 23.59250000
3.32066747 23.02000000
3.36275202 22.47480000
3.40483660 22.03860000
3.44692115 21.98620000
3.48900571 22.35560000
3.53109028 22.84830000
3.57317483 23.37390000
3.61525939 23.90810000
3.65734396 24.44370000
3.69942852 24.96390000
3.74151307 25.44350000
3.78359764 25.81970000
3.82568220 25.97440000
3.82568220 25.97440000
3.86908669 25.94460000
3.91249121 25.88000000
3.95589570 25.81560000
3.99930022 25.78210000
4.04270471 25.77940000
4.08610923 25.80650000
4.12951372 25.84270000
4.17291824 25.88400000
4.21632273 25.89750000
4.25972726 25.86540000
4.30313175 25.77290000
4.34653627 25.63610000
4.38994076 25.47130000
4.43334528 25.28280000
4.47674977 25.04310000
4.52015429 24.73890000
4.56355878 24.38140000
4.60696330 24.00870000
4.65036779 23.73480000
4.65036779 23.73480000
4.69522478 23.74930000
4.74008176 23.77920000
4.78493875 23.81800000
4.82979573 23.85590000
4.87465272 23.97960000
4.91950970 24.13600000
4.96436666 24.31580000
5.00922365 24.51580000
5.05408063 24.72910000
5.09893761 24.94130000
5.14379460 25.11810000
5.18865158 25.21150000
5.23350857 25.23090000

0.00000000 28.61670000
0.04165291 28.60700000
0.08330584 28.57340000
0.12495874 28.49990000
0.16661165 28.35650000
0.20826455 28.11420000
0.24991748 27.77370000
0.29157039 27.36650000
0.33322329 26.92690000
0.37487622 26.47170000
0.41652913 26.01220000
0.45818204 25.56970000
0.49983494 25.25080000
0.54148787 25.66180000
0.58314078 25.60220000
0.62479368 25.17020000
0.66644661 24.75660000
0.70809952 24.36020000
0.74975242 23.98800000
0.79140533 23.63900000
0.83305826 23.31550000
0.87471117 23.01980000
0.91636407 23.22790000
0.95801700 23.66690000
0.99966991 24.15200000
1.04132281 24.62240000
1.08297572 25.02870000
1.12462865 25.28100000
1.16628155 25.34540000
1.16628155 25.34540000
1.21209742 25.32410000
1.25791329 25.34250000
1.30372915 25.47420000
1.34954502 25.64520000
1.39536089 25.84430000
1.44117676 26.06580000
1.48699261 26.30770000
1.53280848 26.57140000
1.57862435 26.85740000
1.57862435 26.85740000
1.62128050 27.14840000
1.66393666 27.45380000
1.70659281 27.76950000
1.74924896 27.58080000
1.79190510 27.07480000
1.83456125 26.74010000
1.87721741 26.83150000
1.91987356 26.99310000
1.96252971 26.52570000
2.00518587 25.93120000
2.04784202 25.40820000
2.09049817 25.27050000
2.13315433 25.51650000
2.17581048 25.80350000
2.21846662 25.52490000
2.26112277 25.40020000
2.30377892 25.71460000
2.34643508 26.03940000
2.38909123 26.36190000
2.43174738 26.68600000
2.47440353 27.00610000
2.51705969 27.31150000
2.55971584 27.60220000
2.60237199 27.87610000
2.64502813 28.11380000
2.68768428 28.32140000
2.73034044 28.48100000
2.77299659 28.58200000
2.81565274 28.61670000
2.81565274 28.61670000
2.85773730 28.54320000
2.89982187 28.32870000
2.94190643 27.99150000
2.98399098 27.56820000
3.02607555 27.06780000
3.06816011 26.52330000
3.11024466 25.95460000
3.15232923 25.37050000
3.19441379 24.77220000
3.23649834 24.17960000
3.27858292 23.68670000
3.32066747 24.00910000
3.36275202 24.52560000
3.40483660 25.10050000
3.44692115 25.69890000
3.48900571 26.30530000
3.53109028 26.90200000
3.57317483 27.45530000
3.61525939 27.88700000
3.65734396 28.05280000
3.69942852 27.88370000
3.74151307 27.53360000
3.78359764 27.19350000
3.82568220 27.04660000
3.82568220 27.04660000
3.86908669 27.05530000
3.91249121 27.07880000
3.95589570 27.11120000
3.99930022 27.15470000
4.04270471 27.20550000
4.08610923 27.25340000
4.12951372 27.26460000
4.17291824 27.19630000
4.21632273 27.01620000
4.25972726 26.77330000
4.30313175 26.52250000
4.34653627 26.27610000
4.38994076 26.02370000
4.43334528 25.79020000
4.47674977 25.60200000
4.52015429 25.47820000
4.56355878 25.38900000
4.60696330 25.29500000
4.65036779 25.23510000
4.65036779 25.23510000
4.69522478 25.05350000
4.74008176 24.82160000
4.78493875 24.64590000
4.82979573 24.55360000
4.87465272 24.54480000
4.91950970 24.60770000
4.96436666 24.71370000
5.00922365 24.84430000
5.05408063 24.98340000
5.09893761 25.11780000
5.14379460 25.23380000
5.18865158 25.31590000
5.23350857 25.34540000

0.00000000 30.46790000
0.04165291 30.36730000
0.08330584 30.12260000
0.12495874 29.82810000
0.16661165 29.56070000
0.20826455 29.37200000
0.24991748 29.26570000
0.29157039 29.03920000
0.33322329 28.51360000
0.37487622 27.99710000
0.41652913 27.49040000
0.45818204 26.99720000
0.49983494 26.51630000
0.54148787 26.05130000
0.58314078 26.34620000
0.62479368 27.03450000
0.66644661 27.66840000
0.70809952 28.16680000
0.74975242 28.45970000
0.79140533 28.52360000
0.83305826 28.36650000
0.87471117 28.03800000
0.91636407 27.62780000
0.95801700 27.21000000
0.99966991 26.83170000
1.04132281 26.52230000
1.08297572 26.33270000
1.12462865 26.32130000
1.16628155 26.12810000
1.16628155 26.12810000
1.21209742 26.12780000
1.25791329 26.21130000
1.30372915 26.35830000
1.34954502 26.54940000
1.39536089 26.77180000
1.44117676 27.02640000
1.48699261 27.31170000
1.53280848 27.61290000
1.57862435 27.76210000
1.57862435 27.76210000
1.62128050 27.78990000
1.66393666 27.82410000
1.70659281 27.82670000
1.74924896 28.07130000
1.79190510 28.27560000
1.83456125 28.16950000
1.87721741 27.72070000
1.91987356 27.13680000
1.96252971 27.13650000
2.00518587 27.22890000
2.04784202 27.21110000
2.09049817 27.00740000
2.13315433 26.60090000
2.17581048 26.07870000
2.21846662 26.11670000
2.26112277 26.43410000
2.30377892 26.76260000
2.34643508 27.10420000
2.38909123 27.44880000
2.43174738 27.80670000
2.47440353 28.17130000
2.51705969 28.53250000
2.55971584 28.89680000
2.60237199 29.25590000
2.64502813 29.59870000
2.68768428 29.92280000
2.73034044 30.19930000
2.77299659 30.39520000
2.81565274 30.46790000
2.81565274 30.46790000
2.85773730 30.46090000
2.89982187 30.44470000
2.94190643 30.42880000
2.98399098 30.42340000
3.02607555 30.42280000
3.06816011 30.43010000
3.11024466 30.44790000
3.15232923 30.47170000
3.19441379 30.48920000
3.23649834 30.50800000
3.27858292 30.52750000
3.32066747 30.53640000
3.36275202 30.53160000
3.40483660 30.53340000
3.44692115 30.48590000
3.48900571 30.39200000
3.53109028 30.24950000
3.57317483 30.03600000
3.61525939 29.74100000
3.65734396 29.37810000
3.69942852 28.96950000
3.74151307 28.55720000
3.78359764 28.21540000
3.82568220 28.07120000
3.82568220 28.07120000
3.86908669 28.10440000
3.91249121 28.18510000
3.95589570 28.28540000
3.99930022 28.38700000
4.04270471 28.47680000
4.08610923 28.54330000
4.12951372 28.55480000
4.17291824 28.39300000
4.21632273 28.30560000
4.25972726 28.35290000
4.30313175 28.42410000
4.34653627 28.43590000
4.38994076 28.11660000
4.43334528 27.48350000
4.47674977 26.85310000
4.52015429 26.28270000
4.56355878 25.83080000
4.60696330 25.57600000
4.65036779 25.50770000
4.65036779 25.50770000
4.69522478 25.71930000
4.74008176 26.03820000
4.78493875 26.36510000
4.82979573 26.67620000
4.87465272 26.94700000
4.91950970 27.15760000
4.96436666 26.98460000
5.00922365 26.63650000
5.05408063 26.33100000
5.09893761 26.09480000
5.14379460 25.97270000
5.18865158 26.01470000
5.23350857 26.12810000

0.00000000 30.46790000
0.04165291 30.57930000
0.08330584 30.83760000
0.12495874 31.13720000
0.16661165 30.62840000
0.20826455 30.10480000
0.24991748 29.56950000
0.29157039 29.22080000
0.33322329 29.21000000
0.37487622 29.22040000
0.41652913 29.24110000
0.45818204 29.27520000
0.49983494 29.31760000
0.54148787 29.37010000
0.58314078 29.43590000
0.62479368 29.52490000
0.66644661 29.65820000
0.70809952 29.84520000
0.74975242 29.92820000
0.79140533 29.64240000
0.83305826 29.33570000
0.87471117 29.12130000
0.91636407 28.93570000
0.95801700 28.70200000
0.99966991 28.33470000
1.04132281 27.67120000
1.08297572 27.03450000
1.12462865 26.45520000
1.16628155 26.12810000
1.16628155 26.12810000
1.21209742 26.15310000
1.25791329 26.22720000
1.30372915 26.35880000
1.34954502 26.55120000
1.39536089 26.80860000
1.44117676 27.13230000
1.48699261 27.51820000
1.53280848 27.84720000
1.57862435 28.04710000
1.57862435 28.04710000
1.62128050 28.39360000
1.66393666 28.76650000
1.70659281 28.68000000
1.74924896 28.51370000
1.79190510 28.67290000
1.83456125 28.98770000
1.87721741 29.39690000
1.91987356 29.87300000
1.96252971 30.10280000
2.00518587 29.54810000
2.04784202 29.07540000
2.09049817 28.79420000
2.13315433 28.72840000
2.17581048 28.80030000
2.21846662 28.94220000
2.26112277 29.11890000
2.30377892 29.31590000
2.34643508 29.52620000
2.38909123 29.74740000
2.43174738 29.97790000
2.47440353 30.21830000
2.51705969 30.45840000
2.55971584 30.70460000
2.60237199 30.95310000
2.64502813 31.09810000
2.68768428 30.93610000
2.73034044 30.73130000
2.77299659 30.54920000
2.81565274 30.46790000
2.81565274 30.46790000
2.85773730 30.46090000
2.89982187 30.44470000
2.94190643 30.42880000
2.98399098 30.42340000
3.02607555 30.42280000
3.06816011 30.43010000
3.11024466 30.44790000
3.15232923 30.47170000
3.19441379 30.48920000
3.23649834 30.50800000
3.27858292 30.52750000
3.32066747 30.53640000
3.36275202 30.53160000
3.40483660 30.53340000
3.44692115 30.48590000
3.48900571 30.39200000
3.53109028 30.24950000
3.57317483 30.03600000
3.61525939 29.74100000
3.65734396 29.37810000
3.69942852 28.96950000
3.74151307 28.55720000
3.78359764 28.21540000
3.82568220 28.07120000
3.82568220 28.07120000
3.86908669 28.11500000
3.91249121 28.25030000
3.95589570 28.46010000
3.99930022 28.71510000
4.04270471 28.97350000
4.08610923 29.04620000
4.12951372 28.71720000
4.17291824 28.59660000
4.21632273 28.53880000
4.25972726 28.48660000
4.30313175 28.52710000
4.34653627 28.67230000
4.38994076 28.51430000
4.43334528 28.53620000
4.47674977 28.55900000
4.52015429 28.57580000
4.56355878 28.58290000
4.60696330 28.58720000
4.65036779 28.58570000
4.65036779 28.58570000
4.69522478 28.57100000
4.74008176 28.49770000
4.78493875 28.33170000
4.82979573 28.06470000
4.87465272 27.72670000
4.91950970 27.35780000
4.96436666 27.28600000
5.00922365 27.31920000
5.05408063 27.24550000
5.09893761 27.02600000
5.14379460 26.66600000
5.18865158 26.30570000
5.23350857 26.12810000

0.00000000 30.46790000
0.04165291 30.57930000
0.08330584 30.83760000
0.12495874 31.13720000
0.16661165 31.43070000
0.20826455 31.69280000
0.24991748 31.91560000
0.29157039 32.11840000
0.33322329 32.29470000
0.37487622 32.45940000
0.41652913 32.61640000
0.45818204 32.77230000
0.49983494 32.92520000
0.54148787 32.98910000
0.58314078 32.49410000
0.62479368 31.96230000
0.66644661 31.42730000
0.70809952 30.95010000
0.74975242 30.79490000
0.79140533 31.22380000
0.83305826 31.14660000
0.87471117 30.42480000
0.91636407 29.71370000
0.95801700 29.01490000
0.99966991 28.33470000
1.04132281 27.67120000
1.08297572 27.03450000
1.12462865 26.45520000
1.16628155 26.38340000
1.16628155 26.38340000
1.21209742 26.62810000
1.25791329 27.04330000
1.30372915 27.34340000
1.34954502 27.52670000
1.39536089 27.66130000
1.44117676 27.75810000
1.48699261 27.81170000
1.53280848 27.96020000
1.57862435 28.44600000
1.57862435 28.44600000
1.62128050 28.93240000
1.66393666 29.13440000
1.70659281 29.21600000
1.74924896 29.64650000
1.79190510 29.75190000
1.83456125 29.65040000
1.87721741 29.89410000
1.91987356 30.29740000
1.96252971 30.42040000
2.00518587 30.98480000
2.04784202 31.57810000
2.09049817 32.12280000
2.13315433 32.27590000
2.17581048 32.26900000
2.21846662 32.23820000
2.26112277 32.18830000
2.30377892 32.12280000
2.34643508 32.03570000
2.38909123 31.94990000
2.43174738 31.85350000
2.47440353 31.74600000
2.51705969 31.61770000
2.55971584 31.47960000
2.60237199 31.33420000
2.64502813 31.26400000
2.68768428 31.25310000
2.73034044 30.88670000
2.77299659 30.58780000
2.81565274 30.46790000
2.81565274 30.46790000
2.85773730 30.60800000
2.89982187 30.93570000
2.94190643 31.33170000
2.98399098 31.75230000
3.02607555 31.96190000
3.06816011 31.97910000
3.11024466 32.02010000
3.15232923 32.07810000
3.19441379 32.14170000
3.23649834 32.21680000
3.27858292 32.30220000
3.32066747 32.38950000
3.36275202 32.47230000
3.40483660 32.56370000
3.44692115 32.59960000
3.48900571 32.10290000
3.53109028 31.57500000
3.57317483 31.07290000
3.61525939 30.68430000
3.65734396 30.58810000
3.69942852 30.86360000
3.74151307 31.39480000
3.78359764 32.04430000
3.82568220 32.08720000
3.82568220 32.08720000
3.86908669 31.90820000
3.91249121 31.47020000
3.95589570 30.90220000
3.99930022 30.31750000
4.04270471 29.76230000
4.08610923 29.43790000
4.12951372 29.58840000
4.17291824 29.66600000
4.21632273 29.58420000
4.25972726 29.47480000
4.30313175 29.23210000
4.34653627 28.84160000
4.38994076 29.03390000
4.43334528 29.38240000
4.47674977 29.78950000
4.52015429 30.24160000
4.56355878 30.71890000
4.60696330 31.20430000
4.65036779 31.59280000
4.65036779 31.59280000
4.69522478 31.39290000
4.74008176 30.96960000
4.78493875 30.48700000
4.82979573 29.99090000
4.87465272 29.50270000
4.91950970 29.02600000
4.96436666 28.56420000
5.00922365 28.11990000
5.05408063 27.69500000
5.09893761 27.29270000
5.14379460 26.91810000
5.18865158 26.58490000
5.23350857 26.38340000

0.00000000 32.16290000
0.04165291 32.00360000
0.08330584 31.62220000
0.12495874 31.14370000
0.16661165 31.43070000
0.20826455 31.69280000
0.24991748 31.91560000
0.29157039 32.11840000
0.33322329 32.29470000
0.37487622 32.45940000
0.41652913 32.61640000
0.45818204 32.77230000
0.49983494 32.92520000
0.54148787 33.08230000
0.58314078 33.24130000
0.62479368 33.40140000
0.66644661 33.55350000
0.70809952 33.33310000
0.74975242 32.61400000
0.79140533 31.87780000
0.83305826 31.14660000
0.87471117 30.42480000
0.91636407 29.71370000
0.95801700 29.01490000
0.99966991 28.45530000
1.04132281 28.14150000
1.08297572 27.79150000
1.12462865 27.45810000
1.16628155 27.29140000
1.16628155 27.29140000
1.21209742 27.33640000
1.25791329 27.46110000
1.30372915 27.81210000
1.34954502 28.34270000
1.39536089 28.91820000
1.44117676 29.50310000
1.48699261 29.99980000
1.53280848 29.98810000
1.57862435 29.78850000
1.57862435 29.78850000
1.62128050 29.51200000
1.66393666 29.43200000
1.70659281 29.89450000
1.74924896 30.04130000
1.79190510 30.10010000
1.83456125 30.55840000
1.87721741 30.93880000
1.91987356 30.67480000
1.96252971 30.76880000
2.00518587 31.27970000
2.04784202 31.81480000
2.09049817 32.36380000
2.13315433 32.90770000
2.17581048 33.36780000
2.21846662 33.49630000
2.26112277 33.41960000
2.30377892 33.30750000
2.34643508 33.18970000
2.38909123 33.07380000
2.43174738 32.96610000
2.47440353 32.86480000
2.51705969 32.76260000
2.55971584 32.66980000
2.60237199 32.24770000
2.64502813 31.78310000
2.68768428 31.59810000
2.73034044 31.83380000
2.77299659 32.06280000
2.81565274 32.16290000
2.81565274 32.16290000
2.85773730 32.12990000
2.89982187 32.06030000
2.94190643 31.99850000
2.98399098 31.96930000
3.02607555 31.96190000
3.06816011 31.97910000
3.11024466 32.02010000
3.15232923 32.07810000
3.19441379 32.14170000
3.23649834 32.21680000
3.27858292 32.30220000
3.32066747 32.38950000
3.36275202 32.47230000
3.40483660 32.56380000
3.44692115 32.63170000
3.48900571 32.66580000
3.53109028 32.64780000
3.57317483 32.56100000
3.61525939 32.42310000
3.65734396 32.29790000
3.69942852 32.20220000
3.74151307 32.13370000
3.78359764 32.09840000
3.82568220 32.08720000
3.82568220 32.08720000
3.86908669 31.95260000
3.91249121 31.65920000
3.95589570 31.30360000
3.99930022 30.93670000
4.04270471 30.57600000
4.08610923 30.25840000
4.12951372 30.00470000
4.17291824 29.95390000
4.21632273 30.07960000
4.25972726 30.17440000
4.30313175 30.22770000
4.34653627 30.33070000
4.38994076 30.50840000
4.43334528 30.74600000
4.47674977 31.01660000
4.52015429 31.29470000
4.56355878 31.53730000
4.60696330 31.69680000
4.65036779 31.69720000
4.65036779 31.69720000
4.69522478 31.52920000
4.74008176 31.28080000
4.78493875 31.21100000
4.82979573 31.15250000
4.87465272 30.50610000
4.91950970 29.82410000
4.96436666 29.17100000
5.00922365 28.56340000
5.05408063 28.02950000
5.09893761 27.64020000
5.14379460 27.43310000
5.18865158 27.33450000
5.23350857 27.29140000

0.00000000 32.16290000
0.04165291 32.25730000
0.08330584 32.48750000
0.12495874 32.77410000
0.16661165 33.08690000
0.20826455 33.38710000
0.24991748 33.63240000
0.29157039 33.83630000
0.33322329 33.96980000
0.37487622 34.01740000
0.41652913 33.95340000
0.45818204 33.76150000
0.49983494 33.41360000
0.54148787 33.08230000
0.58314078 33.24130000
0.62479368 33.40140000
0.66644661 33.55350000
0.70809952 33.33310000
0.74975242 32.61400000
0.79140533 31.87780000
0.83305826 31.87330000
0.87471117 32.57910000
0.91636407 33.22640000
0.95801700 33.36650000
0.99966991 33.07640000
1.04132281 32.79950000
1.08297572 32.59990000
1.12462865 32.48730000
1.16628155 32.43960000
1.16628155 32.43960000
1.21209742 32.34340000
1.25791329 32.04670000
1.30372915 31.65440000
1.34954502 31.23570000
1.39536089 30.83730000
1.44117676 30.51660000
1.48699261 30.37140000
1.53280848 30.78250000
1.57862435 31.30100000
1.57862435 31.30100000
1.62128050 31.67870000
1.66393666 31.73840000
1.70659281 31.19440000
1.74924896 31.02160000
1.79190510 31.42900000
1.83456125 31.64270000
1.87721741 31.36990000
1.91987356 31.57180000
1.96252971 31.93380000
2.00518587 32.18820000
2.04784202 32.31210000
2.09049817 32.43380000
2.13315433 32.92090000
2.17581048 33.54780000
2.21846662 34.18310000
2.26112277 34.73570000
2.30377892 34.99960000
2.34643508 34.88000000
2.38909123 34.54960000
2.43174738 34.14240000
2.47440353 33.69600000
2.51705969 33.21090000
2.55971584 32.72170000
2.60237199 32.57220000
2.64502813 32.46870000
2.68768428 32.37200000
2.73034044 32.27400000
2.77299659 32.19510000
2.81565274 32.16290000
2.81565274 32.16290000
2.85773730 32.12990000
2.89982187 32.06030000
2.94190643 31.99850000
2.98399098 31.96930000
3.02607555 32.14630000
3.06816011 32.52210000
3.11024466 32.85160000
3.15232923 33.13180000
3.19441379 33.35430000
3.23649834 33.50600000
3.27858292 33.55600000
3.32066747 33.50780000
3.36275202 33.32560000
3.40483660 33.02060000
3.44692115 32.63170000
3.48900571 32.66580000
3.53109028 32.64780000
3.57317483 32.56100000
3.61525939 32.42310000
3.65734396 32.29790000
3.69942852 32.20220000
3.74151307 32.13370000
3.78359764 32.09840000
3.82568220 32.70840000
3.82568220 32.70840000
3.86908669 32.75020000
3.91249121 32.84560000
3.95589570 32.90360000
3.99930022 32.93010000
4.04270471 32.90940000
4.08610923 32.83500000
4.12951372 32.70870000
4.17291824 32.56060000
4.21632273 32.34120000
4.25972726 31.92620000
4.30313175 31.66660000
4.34653627 31.62690000
4.38994076 31.70310000
4.43334528 31.82680000
4.47674977 31.95470000
4.52015429 32.03180000
4.56355878 32.04890000
4.60696330 31.98850000
4.65036779 31.78850000
4.65036779 31.78850000
4.69522478 31.66110000
4.74008176 31.55260000
4.78493875 31.40010000
4.82979573 31.32880000
4.87465272 31.17460000
4.91950970 31.11930000
4.96436666 31.15740000
5.00922365 31.29650000
5.05408063 31.52340000
5.09893761 31.80840000
5.14379460 32.10720000
5.18865158 32.35100000
5.23350857 32.43960000

0.00000000 34.20240000
0.04165291 34.24380000
0.08330584 34.36850000
0.12495874 34.57670000
0.16661165 34.87080000
0.20826455 35.23770000
0.24991748 35.65180000
0.29157039 36.11040000
0.33322329 36.54680000
0.37487622 36.92250000
0.41652913 37.13690000
0.45818204 37.09580000
0.49983494 36.74990000
0.54148787 36.20670000
0.58314078 35.55430000
0.62479368 34.85000000
0.66644661 34.13160000
0.70809952 33.76700000
0.74975242 33.91750000
0.79140533 34.08220000
0.83305826 34.24670000
0.87471117 34.40810000
0.91636407 34.14480000
0.95801700 34.21820000
0.99966991 34.78100000
1.04132281 34.92970000
1.08297572 35.00820000
1.12462865 35.06100000
1.16628155 35.07570000
1.16628155 35.07570000
1.21209742 34.97270000
1.25791329 34.80920000
1.30372915 34.72590000
1.34954502 34.73200000
1.39536089 34.66550000
1.44117676 34.39630000
1.48699261 34.01510000
1.53280848 33.52170000
1.57862435 32.93270000
1.57862435 32.93270000
1.62128050 32.34310000
1.66393666 31.85520000
1.70659281 31.89920000
1.74924896 31.89010000
1.79190510 31.82300000
1.83456125 32.00640000
1.87721741 32.63410000
1.91987356 33.06060000
1.96252971 33.13020000
2.00518587 33.37710000
2.04784202 33.76900000
2.09049817 34.11270000
2.13315433 33.99130000
2.17581048 33.96310000
2.21846662 34.28390000
2.26112277 34.78510000
2.30377892 35.28220000
2.34643508 35.71860000
2.38909123 35.99870000
2.43174738 36.09920000
2.47440353 36.00500000
2.51705969 35.75960000
2.55971584 35.44520000
2.60237199 35.12250000
2.64502813 34.81920000
2.68768428 34.56590000
2.73034044 34.37010000
2.77299659 34.24540000
2.81565274 34.20240000
2.81565274 34.20240000
2.85773730 34.20800000
2.89982187 34.22460000
2.94190643 34.25230000
2.98399098 34.29090000
3.02607555 34.34020000
3.06816011 34.40010000
3.11024466 34.47020000
3.15232923 34.55070000
3.19441379 34.63970000
3.23649834 34.73810000
3.27858292 34.84460000
3.32066747 34.95860000
3.36275202 35.07870000
3.40483660 35.20750000
3.44692115 34.76980000
3.48900571 34.32740000
3.53109028 33.99360000
3.57317483 33.79730000
3.61525939 33.72080000
3.65734396 33.71490000
3.69942852 33.73770000
3.74151307 33.76500000
3.78359764 33.49740000
3.82568220 32.80280000
3.82568220 32.80280000
3.86908669 32.81860000
3.91249121 32.86460000
3.95589570 32.99180000
3.99930022 33.16380000
4.04270471 33.34700000
4.08610923 33.52390000
4.12951372 33.59340000
4.17291824 33.15470000
4.21632273 32.59080000
4.25972726 32.35850000
4.30313175 32.23610000
4.34653627 32.14880000
4.38994076 32.08910000
4.43334528 32.05820000
4.47674977 32.05380000
4.52015429 32.11030000
4.56355878 32.18860000
4.60696330 32.18310000
4.65036779 32.17190000
4.65036779 32.17190000
4.69522478 32.53030000
4.74008176 32.72920000
4.78493875 31.99240000
4.82979573 31.35860000
4.87465272 31.60000000
4.91950970 31.97040000
4.96436666 32.40680000
5.00922365 32.88450000
5.05408063 33.38570000
5.09893761 33.89500000
5.14379460 34.39920000
5.18865158 34.84880000
5.23350857 35.07570000

0.00000000 34.20240000
0.04165291 34.24380000
0.08330584 34.36850000
0.12495874 34.57670000
0.16661165 34.87080000
0.20826455 35.23770000
0.24991748 35.65180000
0.29157039 36.11040000
0.33322329 36.54680000
0.37487622 36.92250000
0.41652913 37.13690000
0.45818204 37.09580000
0.49983494 36.74990000
0.54148787 36.20670000
0.58314078 35.55430000
0.62479368 34.85000000
0.66644661 34.13160000
0.70809952 33.76700000
0.74975242 33.91750000
0.79140533 34.08220000
0.83305826 34.24670000
0.87471117 34.40810000
0.91636407 34.56060000
0.95801700 34.69570000
0.99966991 34.82590000
1.04132281 34.92970000
1.08297572 35.00820000
1.12462865 35.06100000
1.16628155 35.07570000
1.16628155 35.07570000
1.21209742 35.06390000
1.25791329 35.02390000
1.30372915 34.95370000
1.34954502 34.84490000
1.39536089 34.77290000
1.44117676 34.85310000
1.48699261 34.63490000
1.53280848 33.95910000
1.57862435 33.45840000
1.57862435 33.45840000
1.62128050 33.28290000
1.66393666 33.46820000
1.70659281 33.90050000
1.74924896 34.31300000
1.79190510 33.94600000
1.83456125 33.45830000
1.87721741 33.16130000
1.91987356 33.28580000
1.96252971 33.94700000
2.00518587 34.36520000
2.04784202 34.25210000
2.09049817 34.22850000
2.13315433 34.69060000
2.17581048 35.10250000
2.21846662 35.43120000
2.26112277 35.62950000
2.30377892 35.89390000
2.34643508 36.37640000
2.38909123 36.87320000
2.43174738 36.75220000
2.47440353 36.36000000
2.51705969 35.97160000
2.55971584 35.60450000
2.60237199 35.24790000
2.64502813 34.90800000
2.68768428 34.62070000
2.73034044 34.39500000
2.77299659 34.25160000
2.81565274 34.20240000
2.81565274 34.20240000
2.85773730 34.32540000
2.89982187 34.65280000
2.94190643 35.10810000
2.98399098 35.64880000
3.02607555 36.19140000
3.06816011 36.71260000
3.11024466 37.15930000
3.15232923 37.42720000
3.19441379 37.43560000
3.23649834 37.21020000
3.27858292 36.82130000
3.32066747 36.33870000
3.36275202 35.79850000
3.40483660 35.27180000
3.44692115 34.76980000
3.48900571 34.32740000
3.53109028 33.99360000
3.57317483 33.79730000
3.61525939 33.72080000
3.65734396 33.71490000
3.69942852 33.73780000
3.74151307 33.76500000
3.78359764 33.78600000
3.82568220 33.79370000
3.82568220 33.79370000
3.86908669 33.86650000
3.91249121 33.98660000
3.95589570 34.06250000
3.99930022 34.13090000
4.04270471 34.25910000
4.08610923 34.46000000
4.12951372 34.25820000
4.17291824 34.22340000
4.21632273 34.47550000
4.25972726 34.79470000
4.30313175 35.13260000
4.34653627 35.05100000
4.38994076 34.71310000
4.43334528 34.36900000
4.47674977 34.00860000
4.52015429 33.63290000
4.56355878 33.27310000
4.60696330 33.05110000
4.65036779 33.00790000
4.65036779 33.00790000
4.69522478 33.22630000
4.74008176 33.08840000
4.78493875 33.69970000
4.82979573 34.34550000
4.87465272 35.00490000
4.91950970 35.66710000
4.96436666 36.31850000
5.00922365 36.91850000
5.05408063 36.52800000
5.09893761 36.00460000
5.14379460 35.55030000
5.18865158 35.20900000
5.23350857 35.07570000

0.00000000 34.20240000
0.04165291 34.36210000
0.08330584 34.74390000
0.12495874 35.22100000
0.16661165 35.73610000
0.20826455 36.26970000
0.24991748 36.77160000
0.29157039 37.26120000
0.33322329 37.69630000
0.37487622 38.08110000
0.41652913 38.01750000
0.45818204 37.70010000
0.49983494 37.50320000
0.54148787 37.41740000
0.58314078 37.40960000
0.62479368 37.45330000
0.66644661 37.52300000
0.70809952 37.19940000
0.74975242 36.50120000
0.79140533 35.82300000
0.83305826 35.17950000
0.87471117 34.60320000
0.91636407 34.56060000
0.95801700 34.69570000
0.99966991 34.82590000
1.04132281 35.30410000
1.08297572 35.70430000
1.12462865 35.95840000
1.16628155 36.02880000
1.16628155 36.02880000
1.21209742 36.27550000
1.25791329 36.75840000
1.30372915 37.32360000
1.34954502 37.16700000
1.39536089 36.29270000
1.44117676 35.44860000
1.48699261 35.00220000
1.53280848 35.16040000
1.57862435 35.36360000
1.57862435 35.36360000
1.62128050 35.59570000
1.66393666 35.64930000
1.70659281 35.42500000
1.74924896 34.86150000
1.79190510 35.19980000
1.83456125 35.05310000
1.87721741 34.90070000
1.91987356 34.74790000
1.96252971 34.60530000
2.00518587 34.72340000
2.04784202 35.38410000
2.09049817 36.08290000
2.13315433 36.77690000
2.17581048 37.43210000
2.21846662 37.95560000
2.26112277 38.11590000
2.30377892 37.90570000
2.34643508 37.55640000
2.38909123 37.15250000
2.43174738 37.27100000
2.47440353 37.46820000
2.51705969 37.38710000
2.55971584 37.04150000
2.60237199 36.53180000
2.64502813 35.93550000
2.68768428 35.33980000
2.73034044 34.78290000
2.77299659 34.36750000
2.81565274 34.20240000
2.81565274 34.20240000
2.85773730 34.32540000
2.89982187 34.65280000
2.94190643 35.10810000
2.98399098 35.64880000
3.02607555 36.19140000
3.06816011 36.71260000
3.11024466 37.15930000
3.15232923 37.42720000
3.19441379 37.43560000
3.23649834 37.21020000
3.27858292 36.82130000
3.32066747 36.33870000
3.36275202 35.79850000
3.40483660 35.27180000
3.44692115 35.33610000
3.48900571 35.46530000
3.53109028 35.59410000
3.57317483 35.71860000
3.61525939 35.83110000
3.65734396 35.68150000
3.69942852 34.98340000
3.74151307 34.24900000
3.78359764 33.78600000
3.82568220 33.79370000
3.82568220 33.79370000
3.86908669 33.90750000
3.91249121 34.19980000
3.95589570 34.58550000
3.99930022 35.00100000
4.04270471 35.32640000
4.08610923 34.97390000
4.12951372 34.88330000
4.17291824 35.24900000
4.21632273 35.63740000
4.25972726 35.69620000
4.30313175 35.40350000
4.34653627 35.47840000
4.38994076 35.55270000
4.43334528 35.24740000
4.47674977 34.89510000
4.52015429 34.57280000
4.56355878 34.31280000
4.60696330 34.13400000
4.65036779 34.05810000
4.65036779 34.05810000
4.69522478 33.46340000
4.74008176 33.69720000
4.78493875 34.25830000
4.82979573 34.86090000
4.87465272 35.48000000
4.91950970 36.11630000
4.96436666 36.75090000
5.00922365 37.07300000
5.05408063 37.21830000
5.09893761 36.99920000
5.14379460 36.62980000
5.18865158 36.24600000
5.23350857 36.02880000

0.00000000 41.59960000
0.04165291 41.60840000
0.08330584 41.62680000
0.12495874 41.61150000
0.16661165 41.39600000
0.20826455 40.87540000
0.24991748 40.24260000
0.29157039 39.59830000
0.33322329 38.99450000
0.37487622 38.45780000
0.41652913 38.40440000
0.45818204 38.66800000
0.49983494 38.87050000
0.54148787 39.01840000
0.58314078 39.11990000
0.62479368 38.68020000
0.66644661 37.95740000
0.70809952 37.65360000
0.74975242 37.76290000
0.79140533 37.89120000
0.83305826 38.03290000
0.87471117 38.20100000
0.91636407 38.38000000
0.95801700 38.59070000
0.99966991 38.86940000
1.04132281 39.13430000
1.08297572 39.12220000
1.12462865 39.11470000
1.16628155 39.11210000
1.16628155 39.11210000
1.21209742 39.01610000
1.25791329 38.70370000
1.30372915 38.05420000
1.34954502 37.91570000
1.39536089 37.37210000
1.44117676 36.91940000
1.48699261 36.53380000
1.53280848 36.22900000
1.57862435 35.98730000
1.57862435 35.98730000
1.62128050 35.80940000
1.66393666 35.84940000
1.70659281 35.49920000
1.74924896 35.35200000
1.79190510 35.20410000
1.83456125 35.81540000
1.87721741 36.46780000
1.91987356 37.13010000
1.96252971 37.79480000
2.00518587 38.44890000
2.04784202 39.05440000
2.09049817 39.47180000
2.13315433 39.44490000
2.17581048 39.24520000
2.21846662 39.13780000
2.26112277 39.19630000
2.30377892 39.44730000
2.34643508 39.79840000
2.38909123 39.70050000
2.43174738 39.80030000
2.47440353 40.08750000
2.51705969 40.51820000
2.55971584 41.04280000
2.60237199 41.56980000
2.64502813 41.65150000
2.68768428 41.65790000
2.73034044 41.63340000
2.77299659 41.60910000
2.81565274 41.59960000
2.81565274 41.59960000
2.85773730 41.60890000
2.89982187 41.63390000
2.94190643 41.66410000
2.98399098 41.67590000
3.02607555 41.61610000
3.06816011 41.38260000
3.11024466 40.94660000
3.15232923 40.36710000
3.19441379 39.73500000
3.23649834 39.10910000
3.27858292 38.52110000
3.32066747 38.01870000
3.36275202 37.61500000
3.40483660 37.33880000
3.44692115 37.14790000
3.48900571 37.01300000
3.53109028 36.87980000
3.57317483 36.66590000
3.61525939 36.26880000
3.65734396 35.93570000
3.69942852 36.02380000
3.74151307 36.09100000
3.78359764 36.13310000
3.82568220 36.14750000
3.82568220 36.14750000
3.86908669 36.22440000
3.91249121 36.43990000
3.95589570 36.68630000
3.99930022 36.58300000
4.04270471 36.00510000
4.08610923 36.02450000
4.12951372 36.31890000
4.17291824 36.37890000
4.21632273 36.17800000
4.25972726 36.21390000
4.30313175 36.25860000
4.34653627 35.99740000
4.38994076 35.82280000
4.43334528 35.75090000
4.47674977 35.45890000
4.52015429 35.07770000
4.56355878 34.70100000
4.60696330 34.41120000
4.65036779 34.29740000
4.65036779 34.29740000
4.69522478 34.81120000
4.74008176 35.31960000
4.78493875 35.76870000
4.82979573 36.21110000
4.87465272 36.66350000
4.91950970 37.12130000
4.96436666 37.44430000
5.00922365 37.36100000
5.05408063 37.83350000
5.09893761 38.29830000
5.14379460 38.72050000
5.18865158 39.01980000
5.23350857 39.11210000

